//Exported ASCII-File
[Header]
FileName = C:\Users\reoml\Desktop\Mestrado\mapa raman\Mapa Raman_GO e rGO.WIP
ImageName = Scan_003_Spec.Data 1_F: Min & Max -> Maximum [2823.9 rel. 1/cm -> 3017.3 rel. 1/cm]
PointsPerLine = 61
LinesPerImage = 61
ScanUnit = µm
ScanWidth = 30
ScanHeight = 30
ScanOriginX = -64.9189987182617
ScanOriginY = -20.6830005645752
ScanOriginZ = 0
DataUnit = CCD cts
[Data]
 1.43856E+01	 1.58131E+01	 1.65225E+01	 1.60426E+01	 1.75555E+01	 1.30449E+01	 1.56337E+01	 1.52985E+01	 1.46033E+01	 1.50485E+01	 1.59478E+01	 1.65216E+01	 1.48256E+01	 1.50382E+01	 1.43541E+01	 1.73611E+01	 1.33960E+01	 1.27944E+01	 1.10000E+01	 9.09632E+00	 8.18222E+00	 5.46339E+00	 6.40965E+00	 4.78405E+00	 5.04250E+00	 4.92005E+00	 2.48154E+00	 5.30151E+00	 5.55563E+00	 5.15237E+00	 8.24827E+00	 1.06615E+01	 1.11111E+01	 1.23889E+01	 1.48089E+01	 1.74445E+01	 1.31989E+01	 1.22056E+01	 1.59634E+01	 1.85174E+01	 1.46068E+01	 1.57795E+01	 1.40277E+01	 1.52361E+01	 1.53507E+01	 1.50678E+01	 1.69903E+01	 1.53055E+01	 1.41163E+01	 1.91772E+01	 1.51407E+01	 1.57621E+01	 1.73490E+01	 1.52171E+01	 1.53793E+01	 1.55000E+01	 1.56102E+01	 1.52030E+01	 1.82776E+01	 2.05451E+01	 1.67777E+01
 1.51007E+01	 1.33889E+01	 1.35000E+01	 1.45225E+01	 1.53332E+01	 1.42049E+01	 1.65000E+01	 1.43741E+01	 1.50000E+01	 1.43412E+01	 1.42961E+01	 1.49237E+01	 1.66822E+01	 1.58863E+01	 1.32881E+01	 1.42171E+01	 1.51085E+01	 1.39244E+01	 1.01085E+01	 9.05910E+00	 5.44090E+00	 6.10225E+00	 4.38180E+00	 3.50777E+00	 3.27955E+00	 5.47045E+00	 5.33672E+00	 3.84005E+00	 5.40187E+00	 6.56589E+00	 8.30373E+00	 1.10000E+01	 1.10243E+01	 1.22119E+01	 1.53447E+01	 1.36033E+01	 1.30166E+01	 1.60556E+01	 1.33611E+01	 1.42639E+01	 1.71059E+01	 1.53037E+01	 1.40235E+01	 1.38585E+01	 1.30988E+01	 1.30756E+01	 1.52257E+01	 1.68481E+01	 1.70537E+01	 1.60988E+01	 1.47134E+01	 1.70990E+01	 1.60037E+01	 1.54357E+01	 1.73810E+01	 1.77500E+01	 1.55296E+01	 1.62171E+01	 1.75832E+01	 1.87500E+01	 1.40998E+01
 1.42275E+01	 1.17500E+01	 1.36744E+01	 1.54071E+01	 1.51075E+01	 1.41110E+01	 1.42334E+01	 1.67500E+01	 1.36068E+01	 1.43316E+01	 1.28637E+01	 1.58334E+01	 1.53481E+01	 1.50216E+01	 1.51944E+01	 1.20444E+01	 1.12431E+01	 9.65446E+00	 8.71705E+00	 8.25000E+00	 5.73786E+00	 4.19281E+00	 3.69281E+00	 2.21833E+00	 3.75000E+00	 3.56611E+00	 2.95107E+00	 4.90101E+00	 6.12935E+00	 7.07968E+00	 1.17204E+01	 1.18263E+01	 1.33680E+01	 1.56899E+02	 8.18378E+01	 1.26215E+01	 1.45277E+01	 1.39827E+01	 1.35704E+01	 1.28890E+01	 1.23889E+01	 1.49567E+01	 1.36822E+01	 1.39556E+01	 1.33925E+01	 1.36415E+01	 1.43186E+01	 1.58490E+01	 1.48956E+01	 1.48932E+01	 1.51415E+01	 1.49653E+01	 1.56945E+01	 1.70000E+01	 1.51041E+01	 1.66120E+01	 1.77500E+01	 1.68412E+01	 1.73611E+01	 1.86389E+01	 1.68178E+01
 1.29010E+01	 1.22674E+01	 1.55087E+01	 1.48637E+01	 1.35000E+01	 1.35659E+01	 1.46588E+01	 1.50451E+01	 1.33967E+01	 1.60347E+01	 1.38663E+01	 1.41519E+01	 1.41085E+01	 1.42926E+01	 1.30990E+01	 1.14861E+01	 1.08559E+01	 1.12500E+01	 9.87586E+00	 7.11460E+00	 5.22769E+00	 3.82101E+00	 3.22045E+00	 3.16045E+00	 2.75230E+00	 3.97117E+00	 5.61544E+00	 5.12674E+00	 5.69001E+00	 7.61544E+00	 8.78824E+00	 1.03689E+01	 1.39879E+01	 1.28568E+01	 1.36612E+01	 1.34634E+01	 1.37537E+01	 1.18533E+01	 1.27500E+01	 1.13715E+01	 1.19634E+01	 1.23089E+01	 1.36545E+01	 1.46178E+01	 1.71178E+01	 1.72134E+01	 1.61075E+01	 1.48490E+01	 1.67327E+01	 1.51218E+01	 1.55641E+01	 1.51282E+01	 1.48663E+01	 1.55000E+01	 1.41841E+01	 1.46824E+01	 1.49549E+01	 1.43715E+01	 1.57049E+01	 1.47500E+01	 1.67500E+01
 1.58020E+01	 1.64010E+01	 1.46980E+01	 1.58637E+01	 1.43637E+01	 1.53412E+01	 1.56285E+01	 1.48037E+01	 1.57500E+01	 1.41945E+01	 1.31146E+01	 1.49653E+01	 1.45382E+01	 1.24634E+01	 1.31456E+01	 1.33663E+01	 1.07500E+01	 9.00000E+00	 8.54215E+00	 7.92442E+00	 7.00000E+00	 5.03661E+00	 6.75000E+00	 4.69781E+00	 3.98609E+00	 4.36893E+00	 6.19781E+00	 6.40101E+00	 6.77775E+00	 7.38887E+00	 9.91662E+00	 9.86785E+00	 1.10000E+01	 1.17327E+01	 1.22777E+01	 1.23022E+01	 1.17500E+01	 1.07639E+01	 1.23637E+01	 1.11363E+01	 1.07212E+01	 9.65446E+00	 1.21189E+01	 1.70000E+01	 1.59757E+01	 1.43568E+01	 1.53620E+01	 1.39963E+01	 1.52212E+01	 1.41077E+01	 1.66146E+01	 1.39045E+01	 1.42500E+01	 1.46900E+01	 1.56146E+01	 1.59948E+01	 1.54636E+01	 1.75121E+01	 1.49556E+01	 1.45641E+01	 1.53741E+01
 1.57829E+01	 1.67673E+01	 1.45990E+01	 1.47587E+01	 1.54619E+01	 1.48915E+01	 1.41163E+01	 1.46456E+01	 1.39133E+01	 1.58715E+01	 1.45069E+01	 1.52054E+01	 1.36666E+01	 1.72673E+01	 1.40816E+01	 1.58256E+01	 1.51200E+01	 9.48266E+00	 1.02673E+01	 8.89927E+00	 8.50000E+00	 6.18947E+00	 5.75000E+00	 7.77354E+00	 6.72843E+00	 5.37153E+00	 6.15882E+00	 7.48336E+00	 7.84884E+00	 8.10414E+00	 1.11137E+01	 1.15756E+01	 1.13055E+01	 1.38611E+01	 1.36146E+01	 1.45000E+01	 1.34168E+01	 1.31085E+01	 9.88195E+00	 9.94108E+00	 8.69781E+00	 1.11337E+01	 1.24341E+01	 1.56059E+01	 1.56545E+01	 1.52357E+01	 1.56085E+01	 1.44071E+01	 1.43663E+01	 1.69463E+01	 1.45351E+01	 1.65426E+01	 1.67866E+01	 1.70143E+01	 1.54554E+01	 1.59341E+01	 1.43473E+01	 1.34931E+01	 1.46380E+01	 1.61033E+01	 1.53490E+01
 1.36545E+01	 1.50485E+01	 1.57500E+01	 1.38941E+01	 1.43559E+01	 1.60017E+01	 1.55981E+01	 1.50000E+01	 1.58576E+01	 1.50000E+01	 1.60296E+01	 1.62056E+01	 1.56144E+01	 1.59175E+01	 1.72796E+01	 1.85947E+01	 1.66822E+01	 1.27926E+01	 1.21893E+01	 1.23256E+01	 9.50000E+00	 7.03469E+00	 8.80203E+00	 8.80373E+00	 8.88901E+00	 1.08880E+01	 8.73613E+00	 8.96192E+00	 9.80999E+00	 1.10000E+01	 1.25834E+01	 1.16493E+01	 1.22275E+01	 1.40763E+01	 1.38263E+01	 1.22796E+01	 9.61893E+00	 9.48786E+00	 7.06412E+00	 1.01684E+01	 8.60853E+00	 9.18236E+00	 1.11068E+01	 1.35000E+01	 1.68178E+01	 1.68890E+01	 1.52067E+01	 1.67864E+01	 1.77334E+01	 1.70433E+01	 1.53611E+01	 1.61146E+01	 1.54948E+01	 1.48715E+01	 1.44723E+01	 1.48611E+01	 1.76218E+01	 1.64463E+01	 1.64341E+01	 1.55574E+01	 1.36241E+01
 1.43967E+01	 1.58715E+01	 2.05000E+01	 1.58541E+01	 1.55485E+01	 1.59400E+01	 1.42119E+01	 1.97395E+01	 1.97136E+01	 1.41938E+01	 1.31146E+01	 1.62500E+01	 1.44112E+01	 1.59445E+01	 1.66337E+01	 1.41085E+01	 1.64244E+01	 1.58698E+01	 1.37361E+01	 1.32500E+01	 1.75000E+01	 1.23889E+01	 1.15329E+01	 1.18646E+01	 9.76912E+00	 1.31059E+01	 1.15381E+01	 1.42853E+01	 1.51311E+01	 1.12275E+01	 1.36666E+01	 1.26602E+01	 1.38873E+01	 1.30643E+01	 1.53256E+01	 9.81088E+00	 1.00485E+01	 1.01354E+01	 7.50000E+00	 8.86460E+00	 9.09545E+00	 1.01944E+01	 1.21450E+01	 1.38159E+01	 1.57465E+01	 1.62483E+01	 1.79115E+01	 1.52136E+01	 1.65888E+01	 1.62119E+01	 1.83941E+01	 1.82500E+01	 1.81512E+01	 1.76111E+01	 1.95000E+01	 1.56110E+01	 1.40912E+01	 1.73056E+01	 1.86512E+01	 1.87267E+01	 1.66737E+01
 1.51668E+01	 1.72049E+01	 1.81146E+01	 1.48256E+01	 1.83438E+01	 1.59723E+01	 1.60678E+01	 1.73352E+01	 1.50000E+01	 1.73585E+01	 1.64619E+01	 1.67292E+01	 1.57500E+01	 1.60834E+01	 1.55574E+01	 1.53863E+01	 1.66120E+01	 1.46068E+01	 1.61390E+01	 1.38872E+01	 1.45933E+01	 1.31389E+01	 1.30329E+01	 1.53707E+01	 1.27500E+01	 1.62414E+01	 1.40329E+01	 1.31598E+01	 1.80990E+01	 1.36144E+01	 1.53176E+01	 1.32597E+01	 1.18580E+01	 1.51512E+01	 1.30364E+01	 1.05035E+01	 7.75000E+00	 7.89927E+00	 7.75000E+00	 8.35439E+00	 1.13141E+01	 1.25243E+01	 1.34489E+01	 1.34757E+01	 1.54704E+01	 1.54619E+01	 1.69514E+01	 1.82074E+01	 1.39314E+01	 1.77500E+01	 1.66337E+01	 1.94704E+01	 1.57500E+01	 1.61389E+01	 1.47403E+01	 1.65537E+01	 1.72500E+01	 1.64861E+01	 1.69827E+01	 1.83585E+01	 1.91182E+01
 1.47500E+01	 1.60947E+01	 1.51869E+01	 1.65143E+01	 1.41144E+01	 1.60947E+01	 1.58143E+01	 1.48577E+01	 1.93715E+01	 1.87049E+01	 1.69019E+01	 1.67500E+01	 1.58967E+01	 1.58585E+01	 1.56033E+01	 1.48700E+01	 1.60000E+01	 1.58856E+01	 1.63611E+01	 1.64879E+01	 1.63559E+01	 1.69792E+01	 1.44098E+01	 1.33724E+01	 1.44098E+01	 1.43976E+01	 1.73256E+01	 1.37431E+01	 1.55035E+01	 1.58334E+01	 1.79012E+01	 2.07257E+01	 1.63055E+01	 1.73559E+01	 1.41189E+01	 1.18463E+01	 1.27829E+01	 9.34813E+00	 8.53295E+00	 8.38003E+00	 1.19350E+01	 1.18782E+01	 1.32517E+01	 2.02171E+01	 1.56146E+01	 1.92881E+01	 1.63993E+01	 1.50461E+01	 1.65000E+01	 1.66007E+01	 1.64723E+01	 1.99861E+01	 1.61077E+01	 2.02500E+01	 1.82049E+01	 1.79549E+01	 1.45174E+01	 1.67535E+01	 1.65097E+01	 1.70974E+01	 1.97136E+01
 1.60678E+01	 1.59400E+01	 1.60000E+01	 1.70381E+01	 1.63559E+01	 1.65000E+01	 1.58037E+01	 1.59723E+01	 1.72500E+01	 1.65243E+01	 1.59341E+01	 1.65834E+01	 1.47483E+01	 1.69827E+01	 1.62119E+01	 1.78334E+01	 1.62500E+01	 1.48941E+01	 1.50000E+01	 1.66415E+01	 1.68159E+01	 1.68915E+01	 1.59045E+01	 1.54322E+01	 1.50000E+01	 1.57500E+01	 1.58889E+01	 1.58159E+01	 1.62134E+01	 1.65353E+01	 1.36553E+01	 1.63663E+01	 1.53689E+01	 1.50166E+01	 1.44857E+01	 1.21744E+01	 1.38490E+01	 1.12933E+01	 1.13915E+01	 1.12171E+01	 1.18082E+01	 1.23507E+01	 1.44244E+01	 1.61293E+01	 1.71311E+01	 1.67500E+01	 1.38611E+01	 1.90556E+01	 1.64907E+01	 1.65000E+01	 1.52379E+01	 1.86033E+01	 1.79133E+01	 1.73837E+01	 1.51380E+01	 1.60426E+01	 1.71389E+01	 1.91241E+01	 1.55589E+01	 1.64723E+01	 1.72621E+01
 1.67673E+01	 1.79010E+01	 1.40381E+01	 1.63889E+01	 1.83334E+01	 1.52119E+01	 1.51189E+01	 1.48880E+01	 1.48663E+01	 1.49827E+01	 1.55000E+01	 1.42500E+01	 1.43507E+01	 1.57136E+01	 1.58256E+01	 1.65000E+01	 1.47933E+01	 1.48889E+01	 1.61510E+01	 1.66337E+01	 1.62569E+01	 1.45000E+01	 1.54792E+01	 1.67926E+01	 1.64915E+01	 1.52605E+01	 1.64723E+01	 1.75834E+01	 1.57500E+01	 1.60659E+01	 1.52431E+01	 1.61007E+01	 1.79341E+01	 1.54400E+01	 1.38923E+01	 1.41519E+01	 1.37691E+01	 1.23447E+01	 1.32136E+01	 1.18056E+01	 1.40035E+01	 1.43533E+01	 1.48611E+01	 1.41668E+01	 1.49723E+01	 1.77674E+01	 1.68611E+01	 1.51615E+01	 1.61137E+01	 1.74619E+01	 1.67257E+01	 1.70686E+01	 1.57500E+01	 1.69792E+01	 1.62275E+01	 1.49723E+01	 1.59445E+01	 1.77465E+01	 1.55000E+01	 1.70834E+01	 1.51077E+01
 1.60166E+01	 1.67500E+01	 1.65990E+01	 1.77779E+01	 1.62136E+01	 1.54879E+01	 1.51111E+01	 1.56945E+01	 1.56085E+01	 1.44879E+01	 1.56356E+01	 1.66085E+01	 1.58715E+01	 1.57829E+01	 1.68533E+01	 1.59515E+01	 1.42777E+01	 1.50867E+01	 1.74671E+01	 1.67500E+01	 1.34019E+01	 1.64619E+01	 1.67067E+01	 1.53611E+01	 1.41693E+01	 1.44341E+01	 1.57500E+01	 1.61354E+01	 1.57829E+01	 1.59019E+01	 1.64931E+01	 1.66077E+01	 1.35400E+01	 1.45000E+01	 1.48915E+01	 1.80756E+01	 1.56111E+01	 1.43889E+01	 1.54931E+01	 1.53334E+01	 1.46137E+01	 1.46137E+01	 1.39133E+01	 1.41085E+01	 1.65000E+01	 1.58637E+01	 1.56077E+01	 1.57361E+01	 1.71215E+01	 1.52257E+01	 1.55947E+01	 1.67465E+01	 1.71224E+01	 1.72153E+01	 1.57500E+01	 1.85756E+01	 1.81182E+01	 1.56085E+01	 1.51493E+01	 1.64757E+01	 1.63585E+01
 1.79757E+01	 1.76311E+01	 1.78334E+01	 1.65277E+01	 1.52171E+01	 1.63646E+01	 1.63715E+01	 1.65121E+01	 1.77223E+01	 1.82171E+01	 1.89341E+01	 1.53802E+01	 1.77500E+01	 1.62500E+01	 1.62171E+01	 1.50816E+01	 1.58100E+01	 1.80000E+01	 1.47465E+01	 1.63585E+01	 1.61900E+01	 1.63367E+01	 1.70000E+01	 1.66441E+01	 1.53585E+01	 1.48707E+01	 1.45105E+01	 1.51380E+01	 1.61146E+01	 1.56693E+01	 1.72119E+01	 1.69915E+01	 1.78186E+01	 1.63715E+01	 1.76415E+01	 1.70000E+01	 1.60000E+01	 1.50641E+01	 1.53837E+01	 1.58577E+01	 1.56215E+01	 1.40000E+01	 1.35990E+01	 1.47500E+01	 1.48837E+01	 1.72223E+01	 1.56441E+01	 1.50000E+01	 1.52431E+01	 1.72779E+01	 1.67257E+01	 1.72500E+01	 1.73646E+01	 1.72431E+01	 1.79723E+01	 1.68889E+01	 1.73863E+01	 1.58037E+01	 1.60834E+01	 1.61146E+01	 1.76146E+01
 1.79915E+01	 1.61311E+01	 1.42986E+01	 1.42257E+01	 1.69045E+01	 1.52881E+01	 1.63559E+01	 1.69636E+01	 1.64228E+01	 1.70000E+01	 1.61519E+01	 1.47621E+01	 1.72500E+01	 1.67379E+01	 1.72500E+01	 1.71215E+01	 1.66033E+01	 1.73186E+01	 1.64723E+01	 1.53715E+01	 1.53715E+01	 1.67673E+01	 1.84012E+01	 1.72926E+01	 1.46545E+01	 1.63793E+01	 1.83559E+01	 1.60557E+01	 1.64141E+01	 1.59133E+01	 1.62933E+01	 1.69907E+01	 1.78447E+01	 1.82136E+01	 1.63559E+01	 1.65426E+01	 1.69723E+01	 1.54861E+01	 1.75678E+01	 1.63585E+01	 1.76111E+01	 1.68178E+01	 1.66980E+01	 1.64445E+01	 1.63846E+01	 1.58846E+01	 1.80000E+01	 1.59931E+01	 1.47500E+01	 1.85279E+01	 1.61876E+01	 1.75426E+01	 1.99671E+01	 1.67403E+01	 1.66510E+01	 1.70678E+01	 1.79045E+01	 1.85139E+01	 1.95139E+01	 1.82361E+01	 1.71858E+01
 1.68811E+01	 1.51276E+01	 1.67666E+01	 1.73507E+01	 1.69400E+01	 1.72570E+01	 1.76737E+01	 1.47597E+01	 1.91085E+01	 1.75000E+01	 1.72500E+01	 1.82777E+01	 1.74861E+01	 1.69244E+01	 1.74704E+01	 1.72796E+01	 1.63585E+01	 1.88854E+01	 1.73646E+01	 1.91666E+01	 1.74857E+01	 1.83334E+01	 1.75235E+01	 1.61822E+01	 1.66372E+01	 1.90000E+01	 1.76571E+01	 1.88785E+01	 1.84653E+01	 1.86337E+01	 1.69551E+01	 1.57204E+01	 1.81215E+01	 2.03646E+01	 1.64792E+01	 1.97275E+01	 1.83412E+01	 1.79445E+01	 1.67500E+01	 1.78056E+01	 1.55470E+01	 1.64237E+01	 1.60763E+01	 1.48941E+01	 1.57257E+01	 1.60426E+01	 1.56519E+01	 1.49010E+01	 1.53793E+01	 1.90000E+01	 1.77292E+01	 1.97500E+01	 1.88266E+01	 1.72796E+01	 1.59965E+01	 1.69757E+01	 1.65912E+01	 2.08611E+01	 1.83663E+01	 1.63256E+01	 1.75000E+01
 1.55000E+01	 1.62379E+01	 1.86467E+01	 1.88611E+01	 1.79166E+01	 1.63104E+01	 1.81415E+01	 1.98811E+01	 1.82171E+01	 1.72500E+01	 1.79983E+01	 1.83056E+01	 1.58577E+01	 1.86389E+01	 1.89114E+01	 1.80812E+01	 1.88488E+01	 1.97275E+01	 1.61858E+01	 1.87500E+01	 2.09341E+01	 1.81182E+01	 1.67500E+01	 1.77292E+01	 1.39115E+01	 1.72014E+01	 1.74445E+01	 1.77500E+01	 1.95990E+01	 1.89574E+01	 1.81666E+01	 1.73890E+01	 1.70000E+01	 1.93967E+01	 1.88559E+01	 1.96415E+01	 2.21085E+01	 1.57864E+01	 1.61432E+01	 1.77796E+01	 2.12119E+01	 1.71224E+01	 1.54775E+01	 1.59019E+01	 1.47500E+01	 1.26441E+01	 1.67223E+01	 1.69671E+01	 1.88932E+01	 1.87413E+01	 1.74653E+01	 1.82171E+01	 1.93334E+01	 2.02881E+01	 1.79827E+01	 1.86318E+01	 1.87171E+01	 2.02223E+01	 1.89133E+01	 1.68585E+01	 1.79983E+01
 1.77500E+01	 1.81493E+01	 1.33159E+01	 1.56110E+01	 1.64867E+01	 1.80243E+01	 1.92153E+01	 1.61190E+01	 1.76841E+01	 1.75832E+01	 1.64653E+01	 1.76302E+01	 2.16737E+01	 1.80678E+01	 1.71806E+01	 1.69775E+01	 1.69775E+01	 1.74879E+01	 1.72147E+01	 1.66146E+01	 2.00277E+01	 1.59767E+01	 1.78334E+01	 1.64019E+01	 1.91432E+01	 1.63923E+01	 1.89965E+01	 1.89567E+01	 1.99567E+01	 1.82881E+01	 1.58488E+01	 1.76285E+01	 1.76146E+01	 2.01200E+01	 1.73611E+01	 1.88256E+01	 1.72796E+01	 1.87171E+01	 1.64567E+01	 1.60296E+01	 1.41807E+01	 1.52500E+01	 1.47829E+01	 1.86111E+01	 1.34122E+01	 1.41943E+01	 1.63186E+01	 1.64237E+01	 2.02829E+01	 1.76085E+01	 1.74671E+01	 1.70000E+01	 1.79012E+01	 1.74721E+01	 1.62361E+01	 1.89671E+01	 2.01415E+01	 2.02500E+01	 1.76467E+01	 1.96189E+01	 1.63689E+01
 1.46459E+01	 1.60988E+01	 1.49037E+01	 1.92379E+01	 1.63143E+01	 1.87500E+01	 1.94574E+01	 1.71300E+01	 1.66163E+01	 1.80834E+01	 1.85277E+01	 1.96111E+01	 1.65277E+01	 1.74444E+01	 1.46978E+01	 1.66137E+01	 1.75000E+01	 1.67051E+01	 1.83438E+01	 1.79757E+01	 1.83568E+01	 1.67788E+01	 1.86841E+01	 1.81059E+01	 1.92500E+01	 1.86085E+01	 1.70600E+01	 1.66467E+01	 1.55825E+01	 1.85990E+01	 1.77788E+01	 1.77171E+01	 1.78915E+01	 1.86363E+01	 1.61354E+01	 1.64653E+01	 1.87327E+01	 2.03412E+01	 1.87926E+01	 1.70461E+01	 1.85000E+01	 1.68898E+01	 1.43959E+01	 1.37257E+01	 1.27431E+01	 1.29636E+01	 1.48585E+01	 1.72257E+01	 1.70173E+01	 2.06389E+01	 1.94574E+01	 1.80329E+01	 1.78637E+01	 1.66415E+01	 1.64671E+01	 1.70256E+01	 1.78577E+01	 1.60000E+01	 2.04445E+01	 1.70574E+01	 1.80756E+01
 1.57926E+01	 1.53646E+01	 1.68447E+01	 1.91598E+01	 1.89827E+01	 1.60574E+01	 1.80990E+01	 1.63559E+01	 1.77463E+01	 1.80766E+01	 1.69723E+01	 1.64723E+01	 1.66311E+01	 1.63967E+01	 1.75756E+01	 1.67361E+01	 1.82621E+01	 1.84983E+01	 1.93263E+01	 1.81822E+01	 1.84574E+01	 1.80659E+01	 1.57500E+01	 1.58663E+01	 1.75000E+01	 1.59088E+01	 1.70678E+01	 1.62829E+01	 1.78915E+01	 1.84341E+01	 1.69915E+01	 1.83611E+01	 1.75000E+01	 2.06356E+01	 1.94237E+01	 1.72796E+01	 1.75756E+01	 1.80000E+01	 1.67490E+01	 1.84305E+01	 1.77483E+01	 1.69515E+01	 1.77777E+01	 1.69879E+01	 1.61311E+01	 1.63741E+01	 1.51320E+01	 1.75329E+01	 1.75093E+01	 1.88689E+01	 1.78889E+01	 1.86666E+01	 1.80555E+01	 1.59931E+01	 1.92500E+01	 1.83559E+01	 1.92067E+01	 1.93700E+01	 2.01900E+01	 1.88689E+01	 1.64757E+01
 1.76059E+01	 1.75329E+01	 1.77621E+01	 1.71189E+01	 1.63932E+01	 1.60947E+01	 1.87597E+01	 1.84948E+01	 1.75000E+01	 1.67933E+01	 1.81163E+01	 1.66337E+01	 1.43689E+01	 1.62500E+01	 1.77379E+01	 1.74861E+01	 1.67361E+01	 1.68932E+01	 1.55000E+01	 1.76459E+01	 1.73178E+01	 1.67223E+01	 1.63724E+01	 1.85426E+01	 1.76841E+01	 1.69671E+01	 1.66441E+01	 1.69931E+01	 1.89671E+01	 2.00000E+01	 1.91980E+01	 1.95990E+01	 1.47725E+01	 1.71285E+01	 1.72500E+01	 1.92777E+01	 1.87499E+01	 2.04539E+01	 1.97220E+01	 2.14026E+01	 1.84322E+01	 1.73488E+01	 1.87829E+01	 1.81668E+01	 1.53334E+01	 1.64619E+01	 1.51666E+01	 1.96666E+01	 1.80659E+01	 1.67334E+01	 1.62223E+01	 1.64168E+01	 1.72223E+01	 2.01189E+01	 2.04166E+01	 1.77777E+01	 2.00756E+01	 1.77796E+01	 1.81493E+01	 1.96363E+01	 1.82275E+01
 1.64757E+01	 1.70000E+01	 1.80433E+01	 1.69723E+01	 1.62379E+01	 1.50000E+01	 1.67864E+01	 1.58818E+01	 1.70971E+01	 1.57926E+01	 1.56513E+01	 1.56189E+01	 1.57621E+01	 1.83568E+01	 1.79445E+01	 1.94671E+01	 2.39244E+01	 1.92074E+01	 2.00834E+01	 1.82361E+01	 1.67039E+01	 1.66423E+01	 1.68923E+01	 1.60867E+01	 1.49931E+01	 1.67361E+01	 1.51059E+01	 1.37917E+01	 1.53889E+01	 1.70555E+01	 1.74879E+01	 1.60834E+01	 1.51744E+01	 1.66415E+01	 1.67500E+01	 1.70381E+01	 1.57708E+01	 1.79739E+01	 1.76918E+01	 1.62670E+01	 1.55555E+01	 1.74671E+01	 1.78585E+01	 1.62587E+01	 1.75444E+01	 1.58872E+01	 1.77223E+01	 1.83889E+01	 1.64445E+01	 1.76945E+01	 1.70834E+01	 1.94757E+01	 1.73941E+01	 1.73644E+01	 1.68941E+01	 1.85912E+01	 1.73447E+01	 1.70279E+01	 1.73767E+01	 1.85000E+01	 1.71945E+01
 1.64653E+01	 9.12966E+02	 1.87742E+03	 1.82379E+01	 1.64879E+01	 1.58941E+01	 1.90000E+01	 1.74861E+01	 1.62292E+01	 1.79723E+01	 1.48820E+01	 1.69244E+01	 1.84879E+01	 1.68412E+01	 1.65000E+01	 1.89861E+01	 2.07431E+01	 1.95000E+01	 1.84444E+01	 1.60017E+01	 1.63915E+01	 1.83481E+01	 1.73256E+01	 1.73663E+01	 1.73056E+01	 1.84723E+01	 1.71744E+01	 1.82171E+01	 1.71337E+01	 1.77500E+01	 1.66285E+01	 1.66493E+01	 1.79444E+01	 2.00555E+01	 2.03837E+01	 1.81814E+01	 1.56493E+01	 1.74861E+01	 1.71024E+02	 2.50853E+02	 1.85000E+01	 1.71111E+01	 1.74757E+01	 1.79671E+01	 1.72171E+01	 1.85000E+01	 1.66354E+01	 1.70000E+01	 1.70947E+01	 1.69757E+01	 1.78611E+01	 1.90990E+01	 1.80000E+01	 1.70121E+01	 1.85756E+01	 1.78663E+01	 1.63689E+01	 1.73967E+01	 1.78568E+01	 1.64653E+01	 1.93915E+01
 1.74757E+01	 1.83056E+01	 1.56085E+01	 1.66553E+01	 1.68724E+01	 1.65351E+01	 1.67379E+01	 1.63568E+01	 2.02223E+01	 1.71425E+01	 1.78388E+01	 1.73889E+01	 2.10641E+01	 1.71285E+01	 1.61796E+01	 1.86085E+01	 1.63490E+01	 1.84712E+01	 1.91111E+01	 1.78447E+01	 1.81571E+01	 1.82153E+01	 1.76633E+01	 1.83923E+01	 2.00000E+01	 1.73941E+01	 1.69359E+01	 1.50035E+01	 2.13568E+01	 2.09012E+01	 1.77500E+01	 1.82944E+01	 1.98932E+01	 1.82500E+01	 1.82597E+01	 1.72033E+01	 1.50678E+01	 1.66373E+01	 1.90990E+01	 1.92327E+01	 1.89341E+01	 1.91841E+01	 1.82223E+01	 1.73890E+01	 1.77500E+01	 1.93889E+01	 1.84445E+01	 1.85732E+01	 1.93256E+01	 1.78100E+01	 1.79757E+01	 1.73325E+01	 1.76919E+01	 2.04168E+01	 1.79845E+01	 1.87926E+01	 1.81111E+01	 1.73334E+01	 1.85000E+01	 1.81146E+01	 1.95834E+01
 1.79088E+01	 2.02500E+01	 1.82569E+01	 1.78811E+01	 1.75000E+01	 1.82500E+01	 2.11841E+01	 1.66075E+01	 1.83575E+01	 1.88811E+01	 1.73178E+01	 2.01737E+01	 1.69757E+01	 1.99515E+01	 1.87223E+01	 1.77275E+01	 1.87483E+01	 1.65000E+01	 1.74463E+01	 1.76441E+01	 1.71612E+01	 1.89827E+01	 1.80000E+01	 1.65133E+01	 1.76432E+01	 1.82500E+01	 2.07067E+01	 1.71824E+01	 1.65000E+01	 1.85000E+01	 1.94671E+01	 1.93915E+01	 1.84671E+01	 1.61441E+01	 2.11215E+01	 1.59983E+01	 1.85756E+01	 1.98334E+01	 1.68782E+01	 1.96666E+01	 1.64019E+01	 1.94861E+01	 1.84861E+01	 1.74088E+01	 1.82171E+01	 1.67500E+01	 2.00000E+01	 1.70329E+01	 1.85433E+01	 1.91512E+01	 1.67779E+01	 1.80756E+01	 1.73941E+01	 1.97725E+01	 1.52171E+01	 1.79671E+01	 1.85426E+01	 1.79480E+01	 1.81163E+01	 1.84809E+01	 1.86858E+01
 1.85121E+01	 2.00000E+01	 1.84228E+01	 1.55278E+01	 1.86641E+01	 1.72926E+01	 1.79108E+01	 1.82014E+01	 2.23055E+01	 1.75000E+01	 1.88793E+01	 2.10364E+01	 1.87134E+01	 1.69556E+01	 2.09671E+01	 1.92049E+01	 1.62500E+01	 1.83056E+01	 2.01822E+01	 2.08741E+01	 1.73654E+01	 1.68543E+01	 1.89444E+01	 1.88889E+01	 1.54026E+01	 1.69736E+01	 1.80816E+01	 1.97049E+01	 2.00000E+01	 1.55000E+01	 1.86869E+01	 1.83316E+01	 1.71189E+01	 1.65001E+01	 1.82049E+01	 1.74369E+01	 1.94445E+01	 2.13611E+01	 2.27500E+01	 2.16390E+01	 2.17223E+01	 1.72223E+01	 1.89066E+01	 1.72535E+01	 1.71111E+01	 1.98186E+01	 2.01363E+01	 1.94411E+01	 2.25000E+01	 2.36666E+01	 1.75097E+01	 1.73325E+01	 2.18055E+01	 2.11111E+01	 1.93923E+01	 1.80426E+01	 2.10426E+01	 1.61398E+01	 1.84757E+01	 1.80000E+01	 1.91311E+01
 1.96224E+01	 1.96267E+01	 1.70947E+01	 2.06111E+01	 1.84903E+01	 1.80000E+01	 1.72361E+01	 1.59636E+01	 1.94168E+01	 1.90832E+01	 1.91077E+01	 2.24445E+01	 2.00971E+01	 1.80641E+01	 1.79757E+01	 2.16085E+01	 1.96415E+01	 1.95329E+01	 2.12926E+01	 1.71302E+01	 1.90279E+01	 2.19619E+01	 1.72465E+01	 1.55912E+01	 1.93889E+01	 1.95000E+01	 1.71519E+01	 1.71737E+01	 1.78385E+01	 1.76302E+01	 1.98689E+01	 2.11111E+01	 1.95069E+01	 2.05659E+01	 1.85000E+01	 2.22049E+01	 1.93577E+01	 1.74792E+01	 2.05426E+01	 2.01356E+01	 2.00329E+01	 1.77926E+01	 1.81111E+01	 1.87448E+01	 1.90097E+01	 1.97597E+01	 1.79168E+01	 1.51737E+01	 1.80832E+01	 1.88644E+01	 1.79244E+01	 1.87500E+01	 1.82961E+01	 1.92500E+01	 2.07275E+01	 1.51537E+01	 1.87149E+01	 2.04775E+01	 1.79723E+01	 1.71111E+01	 1.74999E+01
 1.79445E+01	 1.75756E+01	 1.74861E+01	 1.82829E+01	 1.89012E+01	 1.76668E+01	 1.74724E+01	 1.53890E+01	 1.62483E+01	 1.98689E+01	 1.70097E+01	 1.90834E+01	 2.05277E+01	 1.65353E+01	 1.61441E+01	 1.87500E+01	 2.32777E+01	 1.91668E+01	 1.77829E+01	 1.68967E+01	 1.74478E+01	 1.95000E+01	 1.78020E+01	 1.80912E+01	 1.86814E+01	 1.94244E+01	 1.59549E+01	 1.84514E+01	 2.04879E+01	 1.71146E+01	 2.02500E+01	 1.97119E+01	 1.74861E+01	 2.15279E+01	 1.78941E+01	 1.79757E+01	 1.93663E+01	 2.11666E+01	 1.67277E+01	 1.69480E+01	 1.80105E+01	 1.87275E+01	 2.10000E+01	 1.91233E+01	 1.76415E+01	 1.91415E+01	 2.00825E+01	 1.85659E+01	 1.81796E+01	 1.83993E+01	 1.82431E+01	 1.78915E+01	 2.14341E+01	 2.01189E+01	 1.72597E+01	 1.75763E+01	 1.65867E+01	 1.97500E+01	 1.82223E+01	 2.10816E+01	 1.80000E+01
 1.61529E+01	 1.62796E+01	 1.75105E+01	 1.68915E+01	 1.52500E+01	 1.81529E+01	 1.72779E+01	 1.79584E+01	 1.83299E+01	 1.71980E+01	 1.57570E+01	 1.55555E+01	 1.78585E+01	 1.90867E+01	 1.88611E+01	 1.91945E+01	 2.03611E+01	 1.80329E+01	 1.95756E+01	 1.73575E+01	 2.00243E+01	 1.87777E+01	 1.80329E+01	 1.74445E+01	 1.76389E+01	 1.77500E+01	 1.76189E+01	 1.89653E+01	 2.02829E+01	 1.87171E+01	 1.81007E+01	 1.66467E+01	 1.69879E+01	 1.82223E+01	 1.92223E+01	 1.74549E+01	 1.63967E+01	 1.83889E+01	 1.77500E+01	 1.67171E+01	 1.76363E+01	 1.66744E+01	 1.69244E+01	 1.79029E+01	 1.77153E+01	 1.88056E+01	 1.87267E+01	 1.82743E+01	 1.81337E+01	 1.60555E+01	 2.06945E+01	 1.67500E+01	 1.75243E+01	 1.81493E+01	 1.88863E+01	 2.03786E+01	 1.87500E+01	 1.86111E+01	 2.19166E+01	 1.98678E+01	 1.99341E+01
 1.83811E+01	 1.79879E+01	 1.65678E+01	 1.92777E+01	 1.66493E+01	 1.70912E+01	 1.77961E+01	 1.81441E+01	 1.62500E+01	 1.80426E+01	 1.87267E+01	 1.57275E+01	 1.91666E+01	 1.80834E+01	 1.77465E+01	 1.88585E+01	 1.65906E+01	 1.73767E+01	 1.93568E+01	 2.01189E+01	 1.61441E+01	 1.68091E+01	 1.78256E+01	 1.87933E+01	 2.02500E+01	 1.94237E+01	 1.79931E+01	 1.94931E+01	 1.81215E+01	 1.76189E+01	 1.78325E+01	 1.73715E+01	 1.73663E+01	 1.86945E+01	 1.79053E+01	 1.90139E+01	 1.91068E+01	 1.73447E+01	 1.67431E+01	 1.90000E+01	 1.82067E+01	 1.93559E+01	 1.98925E+01	 1.73793E+01	 1.86215E+01	 1.87500E+01	 1.97597E+01	 1.86077E+01	 1.86146E+01	 2.11111E+01	 2.21389E+01	 1.88143E+01	 1.78568E+01	 1.91085E+01	 1.95329E+01	 1.77829E+01	 1.75000E+01	 1.65678E+01	 1.88880E+01	 2.20556E+01	 1.89549E+01
 1.86945E+01	 1.73715E+01	 1.80678E+01	 1.74619E+01	 1.77500E+01	 1.85000E+01	 1.63889E+01	 1.78637E+01	 1.82171E+01	 1.70756E+01	 1.83256E+01	 1.88663E+01	 1.72327E+01	 1.84237E+01	 1.76215E+01	 1.67431E+01	 1.64341E+01	 1.79965E+01	 1.69879E+01	 1.95990E+01	 1.82500E+01	 1.45000E+01	 1.68715E+01	 1.86684E+01	 1.72673E+01	 1.78637E+01	 1.75686E+01	 1.80556E+01	 1.78889E+01	 1.70988E+01	 1.66363E+01	 1.84168E+01	 1.78056E+01	 1.83646E+01	 2.02500E+01	 1.79931E+01	 1.61068E+01	 1.54045E+01	 1.54166E+01	 1.81215E+01	 1.69757E+01	 1.63232E+01	 1.66945E+01	 1.96111E+01	 2.02379E+01	 1.82621E+01	 1.87986E+01	 1.89574E+01	 1.89827E+01	 1.85947E+01	 1.80678E+01	 2.12500E+01	 1.91085E+01	 1.92223E+01	 1.85582E+01	 1.78568E+01	 1.82500E+01	 1.76337E+01	 1.88568E+01	 1.76553E+01	 1.66389E+01
 1.82327E+01	 1.79244E+01	 1.78056E+01	 1.72292E+01	 1.76146E+01	 1.70277E+01	 1.86300E+01	 1.55381E+01	 1.60382E+01	 1.63334E+01	 1.59359E+01	 1.92049E+01	 1.62500E+01	 1.87500E+01	 1.76389E+01	 1.87777E+01	 1.61389E+01	 1.73447E+01	 1.97597E+01	 1.93256E+01	 1.73100E+01	 1.67267E+01	 1.59358E+01	 1.93334E+01	 1.88159E+01	 1.67074E+01	 1.56077E+01	 1.82136E+01	 2.06259E+01	 1.86215E+01	 1.67500E+01	 1.79931E+01	 1.88689E+01	 1.92500E+01	 1.81744E+01	 2.01415E+01	 2.00426E+01	 1.95990E+01	 1.71512E+01	 1.55000E+01	 1.68490E+01	 1.96163E+01	 1.77500E+01	 1.77500E+01	 1.77074E+01	 1.79322E+01	 1.75537E+01	 1.86189E+01	 2.01085E+01	 2.10000E+01	 1.94549E+01	 1.98412E+01	 1.80329E+01	 1.77847E+01	 1.81363E+01	 1.85451E+01	 1.87204E+01	 1.88889E+01	 1.74115E+01	 1.71615E+01	 1.86356E+01
 1.61945E+01	 1.82292E+01	 1.72074E+01	 1.93488E+01	 1.64879E+01	 1.74168E+01	 1.86893E+01	 1.65756E+01	 1.67881E+01	 1.80000E+01	 1.83577E+01	 1.69792E+01	 1.65556E+01	 1.85277E+01	 1.85000E+01	 1.73898E+01	 1.82621E+01	 1.73967E+01	 1.83143E+01	 1.81389E+01	 1.79723E+01	 1.90121E+01	 2.27431E+01	 1.86285E+01	 1.98663E+01	 1.92171E+01	 2.01085E+01	 1.72134E+01	 1.80000E+01	 2.05555E+01	 1.68707E+01	 1.62049E+01	 1.72431E+01	 1.76493E+01	 2.01415E+01	 1.62777E+01	 1.65000E+01	 1.98159E+01	 1.67829E+01	 1.78186E+01	 1.75329E+01	 1.75433E+01	 1.50816E+01	 2.06389E+01	 1.89166E+01	 1.92500E+01	 1.72483E+01	 1.90000E+01	 1.81178E+01	 1.83434E+01	 1.78585E+01	 1.98056E+01	 1.76668E+01	 1.78715E+01	 1.87500E+01	 1.92153E+01	 1.82379E+01	 1.69097E+01	 1.92621E+01	 1.80988E+01	 1.75756E+01
 1.95000E+01	 1.69983E+01	 1.69097E+01	 1.81189E+01	 2.04827E+01	 1.69341E+01	 1.88611E+01	 1.73568E+01	 1.85556E+01	 1.80000E+01	 1.96668E+01	 1.78568E+01	 1.72500E+01	 1.89322E+01	 1.90017E+01	 2.15097E+01	 1.82015E+01	 1.87500E+01	 1.64879E+01	 1.80279E+01	 1.72119E+01	 1.73611E+01	 1.82500E+01	 1.72233E+01	 1.68412E+01	 1.81588E+01	 1.73782E+01	 1.95000E+01	 1.72223E+01	 1.98785E+01	 1.86007E+01	 1.67961E+01	 1.56945E+01	 1.55279E+01	 1.80000E+01	 2.01189E+01	 1.68802E+01	 2.02275E+01	 1.83915E+01	 1.88037E+01	 1.78056E+01	 1.90678E+01	 1.89619E+01	 1.86137E+01	 1.99704E+01	 1.90296E+01	 1.74619E+01	 1.88056E+01	 1.72882E+01	 1.74653E+01	 1.75600E+01	 1.80600E+01	 1.81824E+01	 2.04341E+01	 1.92829E+01	 1.82848E+01	 1.70070E+01	 1.79445E+01	 1.83856E+01	 1.94861E+01	 1.93055E+01
 1.86389E+01	 1.82961E+01	 2.03056E+01	 1.71215E+01	 1.71068E+01	 1.73707E+01	 1.80000E+01	 1.74965E+01	 1.73647E+01	 2.07500E+01	 2.18818E+01	 1.79723E+01	 1.62500E+01	 1.59602E+01	 1.70000E+01	 2.23178E+01	 1.73577E+01	 1.99480E+01	 1.99549E+01	 1.83334E+01	 1.96963E+01	 1.78186E+01	 1.88907E+01	 1.59300E+01	 1.96285E+01	 1.65139E+01	 2.29010E+01	 1.58403E+01	 1.88056E+01	 2.28056E+01	 1.61077E+01	 1.65348E+01	 1.50912E+01	 1.51241E+01	 1.49411E+01	 1.70382E+01	 2.05659E+01	 1.62674E+01	 1.76693E+01	 1.76978E+01	 2.01111E+01	 1.97223E+01	 2.01841E+01	 1.88325E+01	 2.06356E+01	 2.23767E+01	 2.02926E+01	 1.75834E+01	 1.90730E+01	 1.92500E+01	 1.88056E+01	 1.83967E+01	 1.80912E+01	 1.93663E+01	 1.73141E+01	 1.70556E+01	 1.83941E+01	 1.95000E+01	 2.00000E+01	 1.84671E+01	 2.00329E+01
 1.71346E+01	 1.74653E+01	 1.96111E+01	 2.02500E+01	 1.98559E+01	 1.81189E+01	 2.03577E+01	 1.88353E+01	 1.81373E+01	 1.86512E+01	 1.95990E+01	 1.83256E+01	 1.96189E+01	 1.72500E+01	 2.18585E+01	 1.84723E+01	 1.93800E+01	 2.03846E+01	 2.01215E+01	 1.93993E+01	 1.90329E+01	 1.87327E+01	 1.67500E+01	 1.92926E+01	 1.71980E+01	 1.88880E+01	 2.11944E+01	 1.90642E+01	 1.85426E+01	 1.66510E+01	 1.71293E+01	 1.65225E+01	 1.63715E+01	 1.74066E+01	 1.62257E+01	 1.76869E+01	 1.47673E+01	 1.65537E+01	 1.97829E+01	 1.56085E+01	 1.92500E+01	 1.90756E+01	 1.92500E+01	 1.76529E+01	 1.72327E+01	 1.88559E+01	 1.80277E+01	 1.84574E+01	 1.73334E+01	 1.77014E+01	 2.17500E+01	 1.77535E+01	 2.19915E+01	 2.03915E+01	 1.80000E+01	 1.94324E+01	 2.06945E+01	 1.73646E+01	 1.88056E+01	 2.14861E+01	 1.79574E+01
 1.72379E+01	 1.64549E+01	 1.69445E+01	 1.68663E+01	 2.02153E+01	 2.04827E+01	 1.71980E+01	 1.84012E+01	 1.68037E+01	 1.77500E+01	 1.98663E+01	 1.85000E+01	 1.77829E+01	 1.75173E+01	 1.75556E+01	 1.70470E+01	 1.69879E+01	 1.63507E+01	 1.59306E+01	 1.73663E+01	 1.68718E+01	 1.48932E+01	 1.79775E+01	 1.73585E+01	 1.92500E+01	 1.87223E+01	 1.73663E+01	 2.08585E+01	 1.95000E+01	 1.82379E+01	 1.69444E+01	 1.57970E+01	 1.58490E+01	 1.57743E+01	 1.91512E+01	 1.56737E+01	 1.48533E+01	 1.62483E+01	 1.65756E+01	 1.65600E+01	 1.98334E+01	 2.21111E+01	 2.00000E+01	 1.96059E+01	 1.88689E+01	 1.71389E+01	 1.77500E+01	 1.72961E+01	 1.66311E+01	 1.93455E+01	 1.87500E+01	 1.82500E+01	 1.61285E+01	 1.94133E+01	 1.85000E+01	 1.62431E+01	 1.68585E+01	 2.27500E+01	 2.01059E+01	 1.79549E+01	 1.88266E+01
 1.90990E+01	 2.03889E+01	 1.98056E+01	 1.90834E+01	 1.84314E+01	 1.76389E+01	 1.71111E+01	 1.68889E+01	 1.81282E+01	 1.92171E+01	 1.76085E+01	 1.64166E+01	 1.88663E+01	 1.73959E+01	 1.67743E+01	 1.88854E+01	 1.92500E+01	 1.80763E+01	 1.80000E+01	 1.76963E+01	 1.89931E+01	 2.23412E+01	 1.97275E+01	 1.80000E+01	 1.79879E+01	 1.98585E+01	 1.82500E+01	 1.86085E+01	 2.15329E+01	 1.83663E+01	 1.70000E+01	 1.71389E+01	 1.46146E+01	 1.56111E+01	 1.58585E+01	 1.58559E+01	 1.43915E+01	 1.79341E+01	 1.82796E+01	 1.62048E+01	 1.78334E+01	 1.67917E+01	 1.74671E+01	 1.61182E+01	 1.93663E+01	 1.84478E+01	 1.57500E+01	 1.68637E+01	 1.85000E+01	 1.78637E+01	 1.77223E+01	 1.92500E+01	 1.88585E+01	 1.63889E+01	 1.68959E+01	 1.88611E+01	 1.81111E+01	 1.77327E+01	 1.82500E+01	 1.92673E+01	 1.95225E+01
 2.00347E+01	 1.91189E+01	 1.93176E+01	 1.92221E+01	 1.71666E+01	 1.51389E+01	 1.69166E+01	 1.74314E+01	 1.73837E+01	 1.70000E+01	 1.85277E+01	 1.73490E+01	 1.87136E+01	 1.84636E+01	 1.61841E+01	 1.58507E+01	 1.98178E+01	 1.85277E+01	 1.68811E+01	 1.70522E+01	 1.75000E+01	 1.92500E+01	 1.66302E+01	 1.83690E+01	 1.75139E+01	 1.81180E+01	 1.70000E+01	 1.76137E+01	 1.92500E+01	 1.80000E+01	 1.60329E+01	 1.62535E+01	 1.50017E+01	 1.15000E+01	 1.36085E+01	 1.50329E+01	 1.40329E+01	 1.61111E+01	 1.86944E+01	 1.88332E+01	 1.79721E+01	 1.73488E+01	 1.73447E+01	 1.90000E+01	 2.04619E+01	 1.86146E+01	 1.81441E+01	 1.82361E+01	 1.79861E+01	 1.91182E+01	 1.85556E+01	 1.97223E+01	 1.62500E+01	 1.54634E+01	 1.55589E+01	 1.85277E+01	 1.77275E+01	 1.86137E+01	 2.07223E+01	 2.00834E+01	 1.77500E+01
 1.68402E+01	 1.93447E+01	 1.96608E+01	 1.81113E+01	 1.80556E+01	 1.78637E+01	 1.67153E+01	 1.87327E+01	 1.91415E+01	 1.89463E+01	 1.69012E+01	 1.75947E+01	 1.70686E+01	 1.47500E+01	 1.85763E+01	 1.77500E+01	 1.60296E+01	 1.53447E+01	 1.86945E+01	 1.82500E+01	 1.88159E+01	 1.65277E+01	 1.93889E+01	 1.73889E+01	 1.60279E+01	 1.74671E+01	 1.93915E+01	 1.82049E+01	 1.80426E+01	 1.81322E+01	 1.67500E+01	 1.52985E+01	 1.57500E+01	 1.56363E+01	 1.30000E+01	 1.29619E+01	 1.18993E+01	 1.41189E+01	 1.79636E+01	 1.70121E+01	 2.04903E+01	 2.14574E+01	 1.92673E+01	 1.77327E+01	 1.76372E+01	 1.77171E+01	 1.91356E+01	 1.75686E+01	 2.04671E+01	 2.06841E+01	 1.90243E+01	 2.12171E+01	 1.88568E+01	 1.64636E+01	 1.64983E+01	 1.59792E+01	 1.84792E+01	 1.63334E+01	 1.67500E+01	 1.87500E+01	 1.76337E+01
 2.16666E+01	 2.10000E+01	 1.91390E+01	 1.72639E+01	 1.83332E+01	 1.84314E+01	 1.97725E+01	 1.86059E+01	 1.60643E+01	 1.63707E+01	 1.78186E+01	 1.99445E+01	 2.15756E+01	 1.85912E+01	 1.83663E+01	 1.90555E+01	 2.06389E+01	 1.99166E+01	 2.03334E+01	 1.79636E+01	 1.70947E+01	 1.54879E+01	 1.83159E+01	 1.78585E+01	 1.63724E+01	 1.79903E+01	 1.76102E+01	 1.91945E+01	 2.05000E+01	 1.70381E+01	 1.96415E+01	 1.51389E+01	 1.60381E+01	 1.76441E+01	 1.48889E+01	 1.48256E+01	 1.50947E+01	 1.54272E+01	 1.75069E+01	 1.66615E+01	 1.81441E+01	 1.76059E+01	 1.79341E+01	 1.88585E+01	 1.67171E+01	 1.78637E+01	 1.89444E+01	 2.09721E+01	 1.63800E+01	 1.69010E+01	 2.07153E+01	 1.75000E+01	 1.66085E+01	 1.62926E+01	 1.76163E+01	 1.77926E+01	 1.53880E+01	 1.55000E+01	 1.55000E+01	 1.86841E+01	 1.74879E+01
 1.83100E+01	 1.99567E+01	 1.67136E+01	 1.92275E+01	 2.03863E+01	 2.02778E+01	 2.01668E+01	 1.64636E+01	 1.78402E+01	 1.86510E+01	 1.98559E+01	 1.64237E+01	 1.70693E+01	 2.10000E+01	 2.07171E+01	 2.07257E+01	 1.62136E+01	 1.74244E+01	 1.68263E+01	 1.65955E+01	 1.50329E+01	 1.51085E+01	 1.35467E+01	 1.55121E+01	 1.86666E+01	 1.69879E+01	 1.92119E+01	 1.91356E+01	 1.83856E+01	 1.65593E+01	 1.58967E+01	 1.58256E+01	 1.59775E+01	 1.75000E+01	 1.53967E+01	 1.37881E+01	 1.44133E+01	 1.60000E+01	 1.79671E+01	 1.69098E+01	 1.80589E+01	 2.21841E+01	 1.81163E+01	 1.91841E+01	 1.79757E+01	 1.57500E+01	 1.88334E+01	 2.07171E+01	 1.89792E+01	 1.58715E+01	 1.71944E+01	 1.68663E+01	 1.73178E+01	 2.07500E+01	 1.78741E+01	 1.67292E+01	 2.17935E+01	 1.77119E+01	 1.83585E+01	 1.70000E+01	 1.84341E+01
 1.85642E+01	 1.74861E+01	 1.73141E+01	 1.83915E+01	 1.95763E+01	 1.88585E+01	 1.82761E+01	 2.07500E+01	 1.96007E+01	 1.59792E+01	 1.88689E+01	 1.87275E+01	 1.97051E+01	 1.93256E+01	 1.81285E+01	 2.01085E+01	 1.75686E+01	 1.78186E+01	 1.83889E+01	 1.77500E+01	 1.84861E+01	 1.30537E+01	 1.27463E+01	 1.58627E+01	 1.60600E+01	 1.98186E+01	 1.85000E+01	 1.96945E+01	 1.94445E+01	 2.31146E+01	 1.81415E+01	 1.87666E+01	 1.90121E+01	 1.61356E+01	 1.78559E+01	 1.44792E+01	 1.75990E+01	 1.67500E+01	 1.70000E+01	 1.82500E+01	 1.80426E+01	 2.12361E+01	 1.88993E+01	 1.94619E+01	 1.89827E+01	 1.90756E+01	 1.87431E+01	 1.76467E+01	 1.91189E+01	 1.83334E+01	 1.81841E+01	 1.71311E+01	 1.98334E+01	 1.86390E+01	 1.88715E+01	 1.68438E+01	 1.87500E+01	 1.81215E+01	 1.63474E+01	 1.60589E+01	 1.83176E+01
 1.75296E+01	 1.57327E+01	 1.92987E+01	 1.64671E+01	 1.81085E+01	 1.63429E+01	 1.61033E+01	 1.81588E+01	 1.76415E+01	 2.05000E+01	 2.15433E+01	 1.71415E+01	 1.88715E+01	 1.89704E+01	 2.10097E+01	 1.83585E+01	 1.82171E+01	 1.89012E+01	 1.74549E+01	 1.82500E+01	 1.92014E+01	 1.48993E+01	 1.55276E+01	 1.57621E+01	 1.59775E+01	 1.77074E+01	 1.82829E+01	 2.06652E+01	 1.93056E+01	 1.73886E+01	 1.81302E+01	 1.73178E+01	 2.17267E+01	 2.02223E+01	 1.67136E+01	 1.81945E+01	 1.93186E+01	 1.93263E+01	 2.03811E+01	 1.83689E+01	 2.01085E+01	 2.10035E+01	 1.95364E+01	 2.05659E+01	 1.96744E+01	 2.05461E+01	 2.01259E+01	 1.93334E+01	 1.97223E+01	 1.70000E+01	 1.81302E+01	 1.84322E+01	 2.11111E+01	 2.28741E+01	 1.87500E+01	 1.98263E+01	 1.92510E+01	 1.60000E+01	 1.73020E+01	 1.96510E+01	 1.64244E+01
 1.64045E+01	 1.77833E+01	 1.82334E+01	 1.78689E+01	 1.89054E+01	 1.87597E+01	 2.11387E+01	 1.73707E+01	 1.51467E+01	 1.67134E+01	 1.74757E+01	 1.71415E+01	 2.16111E+01	 2.17777E+01	 1.81822E+01	 1.76077E+01	 1.99012E+01	 1.93334E+01	 1.94574E+01	 1.72881E+01	 1.91822E+01	 1.67379E+01	 1.55947E+01	 1.78715E+01	 2.08533E+01	 2.11668E+01	 2.06493E+01	 2.05938E+01	 1.48245E+01	 1.59010E+01	 1.91824E+01	 1.76684E+01	 2.03316E+01	 1.56372E+01	 1.92431E+01	 1.80834E+01	 1.96207E+01	 1.75087E+01	 1.70381E+01	 2.07500E+01	 1.97275E+01	 1.74234E+01	 1.69930E+01	 2.03490E+01	 1.86737E+01	 2.09341E+01	 1.91356E+01	 2.00867E+01	 1.83689E+01	 2.06441E+01	 1.91077E+01	 1.94775E+01	 2.16111E+01	 1.85329E+01	 1.73932E+01	 1.84244E+01	 1.72361E+01	 1.91189E+01	 1.74775E+01	 1.76137E+01	 2.17970E+01
 1.60000E+01	 1.71320E+01	 1.61744E+01	 1.67379E+01	 1.78474E+01	 1.81137E+01	 1.74619E+01	 1.86841E+01	 1.78533E+01	 1.73637E+01	 1.81380E+01	 1.89133E+01	 2.01467E+01	 1.86113E+01	 1.79913E+01	 1.72761E+01	 1.70235E+01	 1.50591E+01	 1.67500E+01	 1.90555E+01	 1.84723E+01	 1.90139E+01	 1.56320E+01	 1.95225E+01	 1.58967E+01	 1.67153E+01	 1.93178E+01	 2.01737E+01	 1.89012E+01	 1.75756E+01	 1.73256E+01	 1.68297E+01	 1.75000E+01	 1.74671E+01	 1.75070E+01	 1.91267E+01	 1.59775E+01	 1.98568E+01	 1.57500E+01	 1.69931E+01	 1.86354E+01	 2.00017E+01	 1.77171E+01	 2.05329E+01	 1.72829E+01	 2.03256E+01	 1.71512E+01	 1.74653E+01	 1.93611E+01	 1.82569E+01	 1.68577E+01	 1.84419E+01	 1.86841E+01	 2.00277E+01	 1.86218E+01	 1.72275E+01	 1.83837E+01	 1.86415E+01	 2.36111E+01	 2.05555E+01	 2.24314E+01
 1.90426E+01	 1.72500E+01	 1.54652E+01	 1.50087E+01	 1.48880E+01	 1.70037E+01	 1.82597E+01	 1.74653E+01	 1.88889E+01	 1.82933E+01	 1.74445E+01	 1.91512E+01	 1.96085E+01	 1.74445E+01	 1.78507E+01	 1.58707E+01	 1.88334E+01	 1.84341E+01	 1.72500E+01	 1.66320E+01	 1.67777E+01	 1.76666E+01	 1.90912E+01	 1.87500E+01	 1.65000E+01	 1.54723E+01	 1.66459E+01	 1.54098E+01	 1.51668E+01	 1.65834E+01	 1.65686E+01	 1.87049E+01	 1.72275E+01	 1.88915E+01	 1.68488E+01	 1.78585E+01	 1.75834E+01	 1.73256E+01	 1.68256E+01	 1.68993E+01	 1.65000E+01	 1.86415E+01	 1.89341E+01	 1.99671E+01	 1.72327E+01	 1.75912E+01	 1.77257E+01	 1.82379E+01	 1.99053E+01	 1.84792E+01	 1.89341E+01	 1.89341E+01	 1.92223E+01	 1.71666E+01	 1.78568E+01	 1.69767E+01	 1.87257E+01	 1.91163E+01	 2.03020E+01	 1.98331E+01	 2.27499E+01
 1.70277E+01	 1.68610E+01	 1.62223E+01	 1.71945E+01	 1.98055E+01	 1.70085E+01	 1.82500E+01	 1.77223E+01	 1.67431E+01	 1.60763E+01	 1.49775E+01	 1.69237E+01	 1.64636E+01	 1.88178E+01	 1.74757E+01	 1.86512E+01	 1.83334E+01	 1.83533E+01	 1.87500E+01	 1.61111E+01	 1.61320E+01	 1.58967E+01	 1.91425E+01	 1.77666E+01	 1.67597E+01	 1.95756E+01	 1.94012E+01	 1.59636E+01	 1.84861E+01	 1.75686E+01	 1.74619E+01	 1.85000E+01	 1.83412E+01	 1.67049E+01	 1.58663E+01	 1.54827E+01	 1.65381E+01	 1.60000E+01	 1.70981E+01	 1.85000E+01	 1.87223E+01	 1.93474E+01	 1.90678E+01	 1.86068E+01	 1.63889E+01	 1.79166E+01	 1.87223E+01	 1.97796E+01	 2.02119E+01	 1.73256E+01	 1.65556E+01	 1.69237E+01	 1.94322E+01	 1.71510E+01	 1.71189E+01	 1.54514E+01	 1.66824E+01	 1.65000E+01	 1.68392E+01	 1.94026E+01	 1.75988E+01
 1.66111E+01	 1.85296E+01	 1.71822E+01	 1.77951E+01	 1.57500E+01	 1.61311E+01	 1.67500E+01	 1.62500E+01	 1.75381E+01	 1.82119E+01	 2.00279E+01	 1.63056E+01	 1.76111E+01	 1.79012E+01	 1.84671E+01	 1.84400E+01	 1.64619E+01	 1.68544E+01	 1.67500E+01	 1.76441E+01	 1.79775E+01	 1.72500E+01	 1.60087E+01	 1.72171E+01	 1.69567E+01	 1.61737E+01	 1.68412E+01	 1.88020E+01	 1.86857E+01	 1.69019E+01	 1.64963E+01	 1.74244E+01	 1.64931E+01	 1.64931E+01	 1.60329E+01	 1.61302E+01	 1.77851E+01	 1.74879E+01	 1.68159E+01	 1.61415E+01	 1.71363E+01	 1.65000E+01	 1.70000E+01	 1.71911E+01	 1.53490E+01	 1.75277E+01	 1.78889E+01	 2.07796E+01	 6.87765E+00	 3.36008E+00	 1.75556E+01	 1.78056E+01	 1.61380E+01	 1.67674E+01	 1.65000E+01	 1.77985E+01	 2.01744E+01	 1.99147E+01	 1.95467E+01	 2.18194E+01	 2.16387E+01
 1.69026E+01	 1.65208E+01	 1.63800E+01	 1.66978E+01	 1.63559E+01	 1.57119E+01	 1.81822E+01	 1.62777E+01	 1.66337E+01	 1.69861E+01	 1.69619E+01	 1.58507E+01	 1.75035E+01	 1.84965E+01	 1.67223E+01	 1.82500E+01	 1.58707E+01	 1.64965E+01	 1.77796E+01	 1.64480E+01	 1.63700E+01	 1.58100E+01	 1.71215E+01	 1.71822E+01	 1.82074E+01	 2.01059E+01	 1.69915E+01	 1.77119E+01	 1.61648E+01	 1.64931E+01	 1.53585E+01	 1.50000E+01	 1.61822E+01	 1.67500E+01	 1.58822E+01	 1.66356E+01	 1.91137E+01	 1.67951E+01	 1.53689E+01	 1.67500E+01	 1.59712E+01	 1.50139E+01	 1.59967E+01	 1.53447E+01	 1.77067E+01	 1.81068E+01	 1.66597E+01	 1.67074E+01	 1.74723E+01	 1.66189E+01	 1.66493E+01	 2.06111E+01	 1.83100E+01	 1.77926E+01	 1.89671E+01	 1.71737E+01	 1.64445E+01	 1.76389E+01	 1.73611E+01	 1.63056E+01	 1.84827E+01
 1.44857E+01	 1.48889E+01	 1.50885E+01	 1.74549E+01	 1.72361E+01	 1.67621E+01	 1.85947E+01	 1.70000E+01	 1.90000E+01	 1.92933E+01	 1.62777E+01	 1.62500E+01	 1.65279E+01	 1.58325E+01	 1.74315E+01	 1.77465E+01	 1.71372E+01	 1.64445E+01	 1.84133E+01	 1.55678E+01	 1.62523E+01	 1.55971E+01	 1.85678E+01	 1.73689E+01	 1.48447E+01	 1.86389E+01	 1.57926E+01	 1.77926E+01	 1.55485E+01	 1.78256E+01	 1.62777E+01	 2.00000E+01	 1.71737E+01	 2.07171E+01	 1.76111E+01	 1.73263E+01	 1.83533E+01	 1.61111E+01	 1.65589E+01	 1.66441E+01	 1.82119E+01	 1.76744E+01	 1.71207E+01	 1.61441E+01	 1.66900E+01	 1.78533E+01	 1.71824E+01	 1.82500E+01	 1.62379E+01	 1.62933E+01	 1.70600E+01	 1.70225E+01	 1.60382E+01	 1.81068E+01	 1.90000E+01	 1.70807E+01	 1.72881E+01	 1.72223E+01	 2.10433E+01	 1.76737E+01	 1.75166E+01
 1.40000E+01	 1.54480E+01	 1.59533E+01	 1.68890E+01	 1.58159E+01	 1.75763E+01	 1.79244E+01	 1.70994E+01	 1.65591E+01	 1.63186E+01	 1.62465E+01	 1.66529E+01	 2.16441E+01	 1.65763E+01	 1.59913E+01	 1.86900E+01	 1.86163E+01	 1.76137E+01	 1.78637E+01	 1.84445E+01	 1.58715E+01	 1.69322E+01	 1.81467E+01	 1.62500E+01	 1.87666E+01	 1.87723E+01	 1.84341E+01	 1.63715E+01	 1.76545E+01	 1.50867E+01	 1.69636E+01	 1.75600E+01	 1.69775E+01	 2.02067E+01	 1.94133E+01	 1.53646E+01	 1.93186E+01	 1.63533E+01	 2.38644E+01	 1.82361E+01	 1.56512E+01	 1.60556E+01	 1.63474E+01	 1.70001E+01	 1.90686E+01	 1.61363E+01	 1.39556E+01	 1.61233E+01	 1.70093E+01	 1.74556E+01	 1.79444E+01	 1.73837E+01	 1.61668E+01	 1.73967E+01	 1.68159E+01	 1.85756E+01	 1.95000E+01	 1.72500E+01	 1.85763E+01	 1.72049E+01	 1.59983E+01
 1.71322E+01	 1.98959E+01	 1.65000E+01	 1.63263E+01	 1.85000E+01	 1.63611E+01	 1.93741E+01	 2.03585E+01	 1.73915E+01	 1.51389E+01	 1.88715E+01	 1.80426E+01	 1.83272E+01	 1.73637E+01	 1.67500E+01	 1.88186E+01	 1.78447E+01	 1.40556E+01	 1.99369E+01	 1.79602E+01	 1.66085E+01	 2.16415E+01	 1.84723E+01	 1.65000E+01	 1.79567E+01	 1.78941E+01	 1.51493E+01	 1.92829E+01	 1.72587E+01	 1.69029E+01	 1.80223E+01	 1.63898E+01	 1.59237E+01	 1.70834E+01	 1.61822E+01	 1.74539E+01	 1.81615E+01	 1.76085E+01	 1.65000E+01	 1.53993E+01	 1.63074E+01	 1.69879E+01	 1.47015E+01	 1.87153E+01	 1.76571E+01	 2.02961E+01	 1.61545E+01	 1.45483E+01	 1.72257E+01	 1.60000E+01	 1.63325E+01	 1.64237E+01	 2.05825E+01	 1.78637E+01	 1.67926E+01	 1.86033E+01	 1.72049E+01	 1.82723E+01	 1.64704E+01	 1.69322E+01	 2.13507E+01
 1.44037E+01	 1.88932E+01	 1.54653E+01	 1.47917E+01	 1.68820E+01	 1.62014E+01	 1.55556E+01	 1.63889E+01	 1.62277E+01	 1.79478E+01	 1.78256E+01	 1.51085E+01	 1.60279E+01	 1.87049E+01	 1.77725E+01	 1.91824E+01	 1.63915E+01	 1.54549E+01	 1.79619E+01	 1.75000E+01	 1.75000E+01	 1.92500E+01	 1.84324E+01	 1.51356E+01	 1.56282E+01	 1.62500E+01	 1.69400E+01	 1.78256E+01	 1.87171E+01	 1.64029E+01	 1.69324E+01	 1.65000E+01	 1.52933E+01	 1.95537E+01	 1.72334E+01	 1.72277E+01	 1.65277E+01	 1.90433E+01	 2.11111E+01	 1.70678E+01	 1.91744E+01	 1.96900E+01	 1.61033E+01	 1.74653E+01	 1.62119E+01	 1.86059E+01	 1.86356E+01	 1.79237E+01	 1.70974E+01	 1.77500E+01	 1.82500E+01	 1.58663E+01	 1.73325E+01	 1.86945E+01	 1.69619E+01	 1.91510E+01	 1.87597E+01	 2.07926E+01	 1.67257E+01	 1.75121E+01	 2.03637E+01
 1.67136E+01	 1.76666E+01	 1.51320E+01	 1.50000E+01	 1.53872E+01	 1.43334E+01	 1.59879E+01	 1.56824E+01	 1.78178E+01	 1.61800E+01	 1.63256E+01	 1.86189E+01	 1.61415E+01	 1.47881E+01	 1.50659E+01	 1.83637E+01	 1.94775E+01	 1.69931E+01	 1.63367E+01	 1.67500E+01	 1.66111E+01	 1.61059E+01	 1.73700E+01	 1.90329E+01	 1.74671E+01	 1.73967E+01	 1.70426E+01	 5.32163E+02	 1.96190E+02	 2.00000E+01	 1.89244E+01	 1.76944E+01	 1.45000E+01	 1.60382E+01	 1.64341E+01	 1.99341E+01	 1.59724E+01	 1.60279E+01	 1.89445E+01	 1.70756E+01	 1.47778E+01	 1.33663E+01	 1.44556E+01	 1.65087E+01	 1.72361E+01	 1.68715E+01	 1.58055E+01	 1.80000E+01	 1.63646E+01	 1.74619E+01	 1.53889E+01	 1.65173E+01	 1.81744E+01	 1.64567E+01	 1.61598E+01	 2.17275E+01	 1.84445E+01	 1.87049E+01	 1.86068E+01	 1.93837E+01	 1.83577E+01
 1.70756E+01	 1.48585E+01	 1.68856E+01	 1.59915E+01	 1.92621E+01	 1.64357E+01	 1.64010E+01	 1.61189E+01	 1.77379E+01	 1.66111E+01	 1.88889E+01	 1.97500E+01	 1.66077E+01	 1.53646E+01	 1.50381E+01	 1.30000E+01	 1.26241E+01	 1.44045E+01	 1.79723E+01	 1.78022E+01	 1.90485E+01	 1.78715E+01	 1.66215E+01	 1.40329E+01	 1.41390E+01	 1.69724E+01	 1.80704E+01	 1.70166E+01	 1.83334E+01	 1.70000E+01	 1.47639E+01	 1.41919E+01	 1.48614E+01	 1.47523E+01	 1.54983E+01	 1.51467E+01	 1.93577E+01	 2.09861E+01	 1.68646E+01	 1.59965E+01	 1.57777E+01	 1.53334E+01	 1.66512E+01	 1.72257E+01	 1.64653E+01	 2.03559E+01	 1.98856E+01	 1.60816E+01	 1.56215E+01	 1.71415E+01	 1.78889E+01	 1.76588E+01	 1.63022E+01	 1.44115E+01	 1.47431E+01	 1.58559E+01	 1.73967E+01	 1.58533E+01	 1.60678E+01	 1.82500E+01	 1.81068E+01
 1.62847E+01	 1.66137E+01	 1.77500E+01	 1.79322E+01	 1.53367E+01	 1.49045E+01	 1.47277E+01	 1.41598E+01	 1.51737E+01	 1.39879E+01	 1.63811E+01	 1.51085E+01	 1.43490E+01	 1.57829E+01	 1.48646E+01	 1.42796E+01	 1.41190E+01	 1.72049E+01	 1.66857E+01	 2.03107E+01	 1.96423E+01	 1.57500E+01	 1.58611E+01	 1.59445E+01	 1.66120E+01	 1.56120E+01	 1.54671E+01	 1.85329E+01	 1.57500E+01	 1.56841E+01	 1.55834E+01	 1.49653E+01	 1.46163E+01	 1.50555E+01	 1.72933E+01	 1.51467E+01	 1.45000E+01	 1.68785E+01	 1.72829E+01	 1.67171E+01	 1.56163E+01	 1.59012E+01	 1.81938E+01	 1.56077E+01	 1.46207E+01	 1.57961E+01	 1.46207E+01	 1.64792E+01	 1.67639E+01	 1.77415E+01	 1.91215E+01	 1.69723E+01	 1.49480E+01	 1.40279E+01	 1.66390E+01	 1.42778E+01	 1.66612E+01	 1.51189E+01	 1.53682E+01	 1.55461E+01	 1.70835E+01
 1.37500E+01	 1.65037E+01	 1.68022E+01	 1.69515E+01	 1.55277E+01	 1.67500E+01	 1.61841E+01	 1.53334E+01	 1.59653E+01	 1.46207E+01	 1.55556E+01	 1.38316E+01	 1.65000E+01	 1.55000E+01	 1.48663E+01	 1.68263E+01	 2.26944E+01	 2.15555E+01	 2.19530E+01	 2.05934E+01	 2.02499E+01	 1.56075E+01	 1.53967E+01	 1.52500E+01	 1.35000E+01	 1.37500E+01	 1.63533E+01	 1.67204E+01	 1.71300E+01	 1.60678E+01	 1.47327E+01	 1.64965E+01	 1.39965E+01	 1.67275E+01	 1.57535E+01	 1.62257E+01	 1.49514E+01	 1.43637E+01	 1.56459E+01	 1.81085E+01	 1.87500E+01	 1.85000E+01	 1.68585E+01	 1.68663E+01	 1.66059E+01	 1.41597E+01	 1.65433E+01	 1.65000E+01	 1.53256E+01	 1.46668E+01	 1.55087E+01	 1.60867E+01	 1.50520E+01	 1.61841E+01	 1.56841E+01	 1.62500E+01	 1.57223E+01	 1.61311E+01	 1.62500E+01	 1.65433E+01	 1.50433E+01
 1.59445E+01	 1.68353E+01	 1.68872E+01	 1.60912E+01	 1.67537E+01	 1.70000E+01	 1.79574E+01	 1.56441E+01	 1.51224E+01	 1.50537E+01	 1.53334E+01	 1.61588E+01	 1.77448E+01	 1.64054E+01	 1.67223E+01	 2.15381E+01	 2.81085E+01	 2.52500E+01	 3.14601E+01	 2.36942E+01	 2.12967E+01	 1.68611E+01	 1.58959E+01	 1.85329E+01	 1.81085E+01	 1.62500E+01	 1.52292E+01	 1.54556E+01	 1.69322E+01	 1.48559E+01	 1.64879E+01	 1.54619E+01	 1.71389E+01	 1.61822E+01	 1.73585E+01	 1.52119E+01	 1.56111E+01	 1.51510E+01	 1.39097E+01	 1.44019E+01	 1.54237E+01	 1.86356E+01	 1.73178E+01	 1.68856E+01	 1.82415E+01	 1.73316E+01	 1.83663E+01	 1.75296E+01	 1.52500E+01	 1.55000E+01	 1.47829E+01	 1.66189E+01	 1.67796E+01	 1.69879E+01	 1.76068E+01	 1.59480E+01	 1.51391E+01	 1.40070E+01	 1.49636E+01	 1.54827E+01	 1.53793E+01
 1.49733E+01	 1.86800E+01	 1.63856E+01	 1.57881E+01	 1.81111E+01	 1.66137E+01	 1.42223E+01	 1.57500E+01	 1.69322E+01	 2.08585E+01	 1.49010E+01	 1.53186E+01	 1.65433E+01	 1.52691E+01	 1.70187E+01	 2.91117E+01	 3.20632E+01	 3.51481E+01	 3.17549E+01	 2.96675E+01	 2.16432E+01	 1.63141E+01	 1.78889E+01	 1.70000E+01	 1.61441E+01	 1.63941E+01	 1.72500E+01	 1.79549E+01	 1.78644E+01	 1.63863E+01	 1.46372E+01	 1.77639E+01	 1.81241E+01	 1.57985E+01	 1.66146E+01	 1.71215E+01	 1.95678E+01	 1.79861E+01	 1.65766E+01	 1.68266E+01	 1.66033E+01	 1.55000E+01	 1.60678E+01	 1.62290E+01	 1.69567E+01	 1.41372E+01	 1.57221E+01	 1.70832E+01	 1.72500E+01	 1.50643E+01	 1.56424E+01	 1.61432E+01	 1.68056E+01	 1.61163E+01	 1.65834E+01	 1.59029E+01	 1.79757E+01	 1.67743E+01	 1.77223E+01	 1.54775E+01	 1.41324E+01
 1.60347E+01	 1.39358E+01	 1.63811E+01	 1.74636E+01	 1.60296E+01	 1.87987E+01	 1.65166E+01	 1.60315E+01	 1.53455E+01	 1.39517E+01	 1.95000E+01	 1.68412E+01	 1.48941E+01	 1.82501E+01	 1.96111E+01	 2.21144E+01	 2.80146E+01	 2.63263E+01	 2.80606E+01	 2.09764E+01	 1.77171E+01	 2.07171E+01	 1.78628E+01	 1.78967E+01	 1.50426E+01	 1.74012E+01	 1.46182E+01	 1.68585E+01	 1.39775E+01	 1.70695E+01	 1.52049E+01	 1.97796E+01	 1.96189E+01	 1.66033E+01	 1.92666E+01	 1.85485E+01	 1.78533E+01	 1.77233E+01	 1.60000E+01	 1.65556E+01	 1.76822E+01	 1.62735E+01	 1.81182E+01	 1.49775E+01	 1.63334E+01	 1.80600E+01	 1.88412E+01	 1.44480E+01	 2.02039E+01	 1.58412E+01	 1.51841E+01	 1.62500E+01	 1.95347E+01	 1.77500E+01	 1.52327E+01	 1.55000E+01	 1.82153E+01	 1.45435E+01	 1.62056E+01	 1.64775E+01	 1.82500E+01
