//Exported ASCII-File
[Header]
FileName = C:\Users\reoml\Desktop\Mestrado\mapa raman\Mapa Raman_GO e rGO.WIP
ImageName = Scan_003_Spec.Data 1_F: Min & Max -> Maximum [1496.6 rel. 1/cm -> 1689.9 rel. 1/cm]
PointsPerLine = 61
LinesPerImage = 61
ScanUnit = µm
ScanWidth = 30
ScanHeight = 30
ScanOriginX = -64.9189987182617
ScanOriginY = -20.6830005645752
ScanOriginZ = 0
DataUnit = CCD cts
[Data]
 2.55097E+00	 3.75242E+00	 3.20182E+00	 2.29475E+00	 4.24448E+00	 7.40342E+00	 3.73192E+00	 3.72289E+00	 3.44220E+00	 3.15752E+00	 4.72289E+00	 1.64147E+00	 4.35137E+00	 4.15759E+00	 2.74657E+00	 6.92633E-01	 4.85848E+00	 2.32995E+00	 2.63740E+00	 6.61438E+00	 6.67685E+00	 8.40089E+00	 1.21826E+01	 1.15638E+01	 1.04593E+01	 1.08890E+01	 1.05008E+01	 1.22420E+01	 1.05478E+01	 1.04024E+01	 8.58827E+00	 7.67488E+00	 4.41913E+00	 3.48714E+00	 4.84377E+00	 2.96736E+00	 4.21423E+00	 2.70482E+00	 3.21386E+00	 2.26235E+00	 4.73795E+00	 4.03615E+00	 3.89132E+00	 8.51594E+00	 5.71450E+00	 4.19051E+00	 2.00789E+00	 3.96683E+00	 2.61731E+00	 2.89792E+00	 3.69579E+00	 1.85848E+00	 2.50602E+00	 3.16698E+00	 5.50879E+00	 2.36664E+00	 1.80709E+00	 2.64538E+00	 3.23766E+00	 3.20066E+00	 3.75000E+00
 3.62894E+00	 2.85848E+00	 2.35848E+00	 1.91860E+00	 3.46917E+00	 4.36986E+00	 2.81853E+00	 3.38614E+00	 2.40960E+00	 1.64829E+00	 2.26852E+00	 2.74657E+00	 2.50000E+00	 2.00000E+00	 1.50000E+00	 3.06013E+00	 3.99657E+00	 3.43311E+00	 3.78823E+00	 5.75845E+00	 6.20957E+00	 9.75947E+00	 9.48424E+00	 9.05252E+00	 9.62326E+00	 9.85207E+00	 1.12019E+01	 9.39156E+00	 8.62015E+00	 7.88683E+00	 7.74146E+00	 4.34343E+00	 3.07153E+00	 3.42992E+00	 3.38641E+00	 4.21683E+00	 2.79629E+00	 3.41552E+00	 2.65110E+00	 3.41508E+00	 2.04530E+00	 3.12075E+00	 4.10133E+00	 9.41059E+00	 7.16059E+00	 3.68835E+00	 1.54421E+00	 1.32790E+00	 2.68671E+00	 2.62329E+00	 1.13763E+00	 1.90319E+00	 2.53881E+00	 2.26986E+00	 3.71610E+00	 2.60137E+00	 3.58105E+00	 4.94445E+00	 3.75000E+00	 4.89202E+00	 3.96028E+00
 3.19989E+00	 2.15049E+00	 1.61822E+00	 3.25581E+00	 2.32403E+00	 9.93977E-01	 1.00602E+00	 3.00000E+00	 1.23765E+00	 1.22890E+00	 1.82239E+00	 2.22533E+00	 2.94213E+00	 4.02053E+00	 2.20776E+00	 1.50602E+00	 3.45784E+00	 4.75316E+00	 5.00473E+00	 7.18256E+00	 8.64464E+00	 9.24146E+00	 9.13683E+00	 1.22283E+01	 1.11384E+01	 1.00691E+01	 1.04194E+01	 1.09326E+01	 9.90953E+00	 7.12976E+00	 4.72877E+00	 5.54658E+00	 4.30967E+00	 2.42761E+00	 2.57785E+00	 3.59220E+00	 2.93844E+00	 1.92547E+00	 2.29669E+00	 2.73494E+00	 2.26852E+00	 2.67827E+00	 3.36108E+00	 6.25316E+00	 4.70044E+00	 3.01424E+00	 1.70957E+00	 2.04154E+00	 3.58325E+00	 3.50000E+00	 1.40319E+00	 2.28703E+00	 2.22223E+00	 3.50000E+00	 2.90414E+00	 2.40955E+00	 2.07786E+00	 2.27334E+00	 3.29956E+00	 1.73795E+00	 3.13493E+00
 3.17771E+00	 2.23553E+00	 1.18974E+00	 1.50823E+00	 1.24383E+00	 1.49624E+00	 2.68975E+00	 3.07790E+00	 2.94970E+00	 1.99842E+00	 1.75000E+00	 1.54628E+00	 2.66860E+00	 2.53703E+00	 3.51424E+00	 2.38740E+00	 2.60536E+00	 2.96836E+00	 5.88707E+00	 6.37976E+00	 6.55122E+00	 8.38427E+00	 9.69213E+00	 9.28056E+00	 9.39735E+00	 9.69909E+00	 8.84209E+00	 9.18256E+00	 8.75789E+00	 6.38368E+00	 3.97551E+00	 4.57401E+00	 1.44869E+00	 2.37737E+00	 9.39753E-01	 1.03703E+00	 1.50842E+00	 1.00000E+00	 2.50000E+00	 2.68439E+00	 1.75000E+00	 2.38900E+00	 3.15780E+00	 2.25000E+00	 2.20044E+00	 3.04154E+00	 2.04934E+00	 1.73795E+00	 1.21610E+00	 1.71302E+00	 2.75000E+00	 1.96317E+00	 2.68671E+00	 2.77372E+00	 1.72289E+00	 2.94388E+00	 2.06909E+00	 1.77028E+00	 2.06477E+00	 3.20182E+00	 1.97591E+00
 2.34220E+00	 2.75000E+00	 2.25581E+00	 1.83105E+00	 1.95044E+00	 3.01095E+00	 2.02213E+00	 3.71098E+00	 3.99548E+00	 2.61822E+00	 1.71317E+00	 1.93657E+00	 1.50000E+00	 2.37925E+00	 1.93366E+00	 2.72876E+00	 3.51359E+00	 4.62462E+00	 4.88052E+00	 7.65953E+00	 5.78097E+00	 8.64735E+00	 8.53837E+00	 8.81139E+00	 9.81139E+00	 9.35014E+00	 9.36531E+00	 7.19023E+00	 8.80372E+00	 6.85133E+00	 5.56884E+00	 3.55507E+00	 2.93468E+00	 2.12688E+00	 2.00000E+00	 2.28482E+00	 4.06881E+00	 2.68960E+00	 3.27374E+00	 3.40580E+00	 3.59526E+00	 3.12131E+00	 3.40163E+00	 4.00074E+00	 2.79318E+00	 1.43960E+00	 1.75000E+00	 1.41552E+00	 1.88527E+00	 3.97533E+00	 4.79318E+00	 3.33636E+00	 1.90089E+00	 2.71989E+00	 1.73193E+00	 2.56529E+00	 3.79934E+00	 2.50000E+00	 1.74383E+00	 1.94566E+00	 1.25000E+00
 3.84295E+00	 1.91675E+00	 2.59868E+00	 1.50000E+00	 3.73322E+00	 2.57401E+00	 1.92761E+00	 7.65251E+00	 1.82696E+01	 1.02184E+01	 2.33608E+00	 2.52334E+00	 1.96384E+00	 1.45940E+00	 2.46317E+00	 3.43565E+00	 1.84612E+00	 2.97868E+00	 4.56884E+00	 5.94064E+00	 5.76541E+00	 8.17319E+00	 7.39137E+00	 6.84931E+00	 7.48553E+00	 6.39464E+00	 6.38525E+00	 5.50845E+00	 5.41534E+00	 5.72551E+00	 5.47551E+00	 3.94989E+00	 3.61963E+00	 2.38445E+00	 3.56881E+00	 3.50631E+00	 3.50316E+00	 3.25000E+00	 4.03070E+00	 9.00789E+00	 5.35381E+00	 6.91985E+00	 4.71228E+00	 3.08721E+00	 1.39538E+00	 3.09606E+00	 2.60523E+00	 2.62329E+00	 3.47589E+00	 9.72225E-01	 7.77107E-01	 2.46985E+00	 2.78703E+00	 2.22628E+00	 2.22113E+00	 3.20784E+00	 2.37344E+00	 2.46046E+00	 2.91565E+00	 2.62131E+00	 3.33252E+00
 4.88901E+00	 4.48795E+00	 2.90495E+00	 2.40144E+00	 1.77659E+00	 1.92599E+00	 3.26852E+00	 3.65745E+00	 3.51741E+00	 1.21297E+00	 2.70072E+00	 2.90479E+00	 2.25000E+00	 2.25000E+00	 4.17287E+00	 2.10137E+00	 2.88562E+00	 3.50000E+00	 3.38614E+00	 5.51535E+00	 3.86276E+00	 5.25000E+00	 4.18219E+00	 4.61103E+00	 4.00473E+00	 5.75631E+00	 5.71438E+00	 6.61438E+00	 6.16913E+00	 6.14977E+00	 3.26204E+00	 2.75000E+00	 2.34220E+00	 2.65319E+00	 3.51594E+00	 3.58988E+00	 5.64922E+00	 5.56877E+00	 8.62283E+00	 9.13368E+00	 7.88683E+00	 5.36817E+00	 4.56647E+00	 2.67685E+00	 2.60443E+00	 2.48795E+00	 2.68366E+00	 3.50000E+00	 1.71987E+00	 2.76543E+00	 2.48457E+00	 2.05542E+00	 3.14765E+00	 1.71317E+00	 1.50000E+00	 4.86117E+00	 3.43830E+00	 2.49074E+00	 2.13906E+00	 2.94445E+00	 3.75000E+00
 1.84360E+00	 2.06781E+00	 1.44663E+00	 3.02595E+00	 3.91321E-01	 3.43231E+00	 1.96384E+00	 4.14147E+00	 2.46915E+00	 3.00000E+00	 4.62655E+00	 3.55985E+00	 4.61224E+00	 3.06504E+00	 3.33011E+00	 3.71386E+00	 2.81008E+00	 3.10853E+00	 3.15752E+00	 3.92597E+00	 2.48553E+00	 3.22148E+00	 3.46643E+00	 5.68835E+00	 3.95343E+00	 5.28972E+00	 4.81608E+00	 2.97289E+00	 3.00514E+00	 4.66393E+00	 5.15962E+00	 2.43051E+00	 3.76014E+00	 3.40942E+00	 3.94411E+00	 6.45193E+00	 6.50222E+00	 7.85381E+00	 9.94861E+00	 9.45558E+00	 7.15251E+00	 8.83261E+00	 5.04490E+00	 4.25000E+00	 3.71610E+00	 3.95482E+00	 1.89530E+00	 3.90354E+00	 1.53577E+00	 2.59254E+00	 3.18835E+00	 9.63863E-01	 3.27159E+00	 2.97972E+00	 2.93354E+00	 2.21386E+00	 3.43657E+00	 2.70482E+00	 2.49074E+00	 3.50000E+00	 2.22289E+00
 2.91561E+00	 2.70066E+00	 2.20687E+00	 2.85707E+00	 2.83302E+00	 3.13641E+00	 3.22890E+00	 3.36664E+00	 4.45066E+00	 1.01475E+01	 4.81246E+00	 2.72205E+00	 2.85137E+00	 3.95579E+00	 4.30705E+00	 2.78616E+00	 2.98795E+00	 4.72551E+00	 1.52286E+01	 5.77595E+00	 2.87776E+00	 3.38763E+00	 1.69579E+00	 3.80393E+00	 2.73795E+00	 3.01543E+00	 3.56246E+00	 3.20579E+00	 1.62939E+00	 2.56030E+00	 2.28013E+00	 3.46386E+00	 2.39765E+00	 3.37396E+00	 3.80507E+00	 5.40889E+00	 5.68341E+00	 7.29783E+00	 9.14945E+00	 8.70119E+00	 5.77396E+00	 6.67319E+00	 3.39922E+00	 4.31781E+00	 2.40924E+00	 5.00000E-01	 1.69579E+00	 1.75000E+00	 1.12315E+00	 1.23795E+00	 2.25000E+00	 9.15654E-01	 2.38562E+00	 3.52410E+00	 6.85198E+00	 2.44589E+00	 2.08698E+00	 1.75000E+00	 9.69872E-01	 4.09360E+00	 2.74344E+00
 4.14419E+00	 3.20180E+00	 2.32173E+00	 2.19802E+00	 3.04318E+00	 3.21989E+00	 1.24398E+00	 4.00000E+00	 2.17287E+00	 2.75000E+00	 2.95028E+00	 3.28504E+00	 3.14155E+00	 1.00000E+00	 2.27754E+00	 2.97841E+00	 2.74548E+00	 8.84638E+00	 2.51080E+01	 1.41765E+01	 3.53910E+00	 1.64455E+00	 2.53504E+00	 2.98795E+00	 3.31634E+00	 2.70781E+00	 4.48148E+00	 3.23765E+00	 2.31509E+00	 2.23623E+00	 3.73067E+00	 3.77469E+00	 2.98766E+00	 2.69450E+00	 4.43675E+00	 4.25000E+00	 5.49260E+00	 6.51774E+00	 7.10997E+00	 6.03536E+00	 5.02595E+00	 3.75514E+00	 4.00000E+00	 2.25000E+00	 1.21381E+00	 1.39922E+00	 2.48192E+00	 4.75000E+00	 3.00000E+00	 4.75000E+00	 4.04823E+00	 3.00000E+00	 3.03615E+00	 3.71384E+00	 2.54154E+00	 1.59314E+00	 1.84743E+00	 3.51234E+00	 2.98192E+00	 2.69388E+00	 4.05612E+00
 2.49764E+00	 1.75000E+00	 1.92468E+00	 3.21869E+00	 3.01424E+00	 2.31328E+00	 1.48193E+00	 1.97289E+00	 2.25000E+00	 1.93231E+00	 1.42005E+00	 2.70994E+00	 3.00000E+00	 3.38906E+00	 1.11053E+00	 2.67170E+00	 2.45481E+00	 3.40479E+00	 9.10421E+00	 7.10466E+00	 3.63236E+00	 2.40962E+00	 3.96496E+00	 3.25000E+00	 2.96260E+00	 3.04761E+00	 2.57383E+00	 2.84612E+00	 2.06793E+00	 2.87685E+00	 2.84890E+00	 4.21384E+00	 2.55289E+00	 2.37263E+00	 2.57453E+00	 2.44576E+00	 3.45308E+00	 3.78972E+00	 5.03481E+00	 4.84360E+00	 6.13184E+02	 1.77217E+02	 3.97590E+00	 1.81881E+00	 1.75000E+00	 2.97383E+00	 1.50879E+00	 3.36731E+00	 2.46989E+00	 2.56881E+00	 3.19458E+00	 1.42468E+00	 1.93819E+00	 2.62342E+00	 2.67771E+00	 4.44212E+00	 2.54106E+00	 3.68523E+00	 3.00000E+00	 3.20784E+00	 1.96297E+00
 1.73457E+00	 2.93970E+00	 3.87421E+00	 3.00000E+00	 2.86913E+00	 2.14765E+00	 1.39325E+00	 2.65169E+00	 3.00000E+00	 2.37655E+00	 1.69448E+00	 1.64205E+00	 2.50000E+00	 2.11698E+00	 1.69711E+00	 1.30967E+00	 2.50000E+00	 1.75000E+00	 2.71385E+00	 3.65569E+00	 1.52595E+00	 1.88798E+00	 2.68960E+00	 3.33698E+00	 1.48193E+00	 2.00000E+00	 1.73457E+00	 1.30756E+00	 2.50857E+00	 3.79629E+00	 2.25473E+00	 2.96385E+00	 2.18844E+00	 1.50000E+00	 2.48795E+00	 1.89142E+00	 2.50000E+00	 2.07383E+00	 3.06246E+00	 1.50000E+00	 2.75000E+00	 1.72531E+00	 1.80576E+00	 1.07232E+00	 2.84657E+00	 3.00000E+00	 1.92865E+00	 1.71985E+00	 2.06013E+00	 3.47289E+00	 3.42593E+00	 3.13527E+00	 1.17599E+00	 1.49096E+00	 3.72225E+00	 2.27754E+00	 2.87047E+00	 3.15745E+00	 1.95182E+00	 1.54928E+00	 3.59856E+00
 3.22287E+00	 1.43671E+00	 8.46062E-01	 1.82843E+00	 2.42157E+00	 3.12342E+00	 2.00000E+00	 2.07785E+00	 1.27110E+00	 1.25000E+00	 1.47531E+00	 1.47225E+00	 2.29475E+00	 3.14081E+00	 2.86084E+00	 2.47590E+00	 2.96989E+00	 2.48192E+00	 3.00000E+00	 2.48149E+00	 1.71683E+00	 2.33608E+00	 1.98148E+00	 1.38901E+00	 1.74383E+00	 2.75316E+00	 1.96385E+00	 3.46385E+00	 1.24096E+00	 1.55131E+00	 1.99398E+00	 1.49096E+00	 1.46297E+00	 2.73192E+00	 1.75000E+00	 2.41552E+00	 4.03881E+00	 2.23457E+00	 1.63178E+00	 1.89325E+00	 2.74156E+00	 2.71917E+00	 3.18835E+00	 1.46386E+00	 2.12344E+00	 3.67766E+00	 1.25000E+00	 1.30063E+00	 1.41603E+00	 1.99383E+00	 2.95371E+00	 3.20372E+00	 1.00000E+00	 5.95119E+00	 1.26028E+01	 9.38768E+00	 6.00789E+00	 3.79115E+00	 1.25000E+00	 1.40089E+00	 1.52754E+00
 1.64746E+00	 2.46913E+00	 1.95687E+00	 3.12047E+00	 1.83048E+00	 1.71985E+00	 2.65049E+00	 2.15960E+00	 1.64093E+00	 2.16086E+00	 1.88493E+00	 1.88493E+00	 1.94451E+00	 3.06477E+00	 3.45682E+00	 2.47519E+00	 2.63355E+00	 1.69315E+00	 1.56561E+00	 1.91137E+00	 3.46610E+00	 2.84377E+00	 1.99639E+00	 2.06477E+00	 1.25000E+00	 2.45781E+00	 1.50767E+00	 2.25000E+00	 2.25000E+00	 1.68835E+00	 1.16364E+00	 1.75000E+00	 2.45885E+00	 2.67617E+00	 2.02893E+00	 2.33977E+00	 2.91023E+00	 2.52777E+00	 1.48148E+00	 2.22591E+00	 1.25000E+00	 4.47629E+02	 5.84144E+02	 4.50000E+00	 4.20371E+00	 2.97289E+00	 2.42396E+00	 2.47591E+00	 2.37315E+00	 4.00000E+00	 3.23795E+00	 1.25000E+00	 2.40955E+00	 3.67351E+00	 7.85534E+00	 9.29369E+00	 3.64419E+00	 3.00000E+00	 3.78114E+00	 3.49156E+00	 2.38651E+00
 1.64406E+00	 3.18675E+00	 3.50000E+00	 3.55576E+00	 1.82649E+00	 2.58608E+00	 2.50000E+00	 3.29318E+00	 2.60532E+00	 3.18737E+00	 2.73795E+00	 1.48193E+00	 1.79006E+00	 2.53264E+00	 2.16679E+00	 1.18835E+00	 3.24074E+00	 3.31904E+00	 3.75617E+00	 4.15354E+00	 2.30267E+00	 1.67597E+00	 2.48149E+00	 1.58721E+00	 2.60435E+00	 2.25000E+00	 3.00602E+00	 1.89132E+00	 2.27852E+00	 1.25000E+00	 1.48192E+00	 3.43051E+00	 2.23457E+00	 1.91552E+00	 2.78015E+00	 7.12985E-01	 1.55589E+00	 2.75904E+00	 2.70171E+00	 2.96079E+00	 1.62075E+00	 1.89863E+00	 2.05289E+00	 2.14863E+00	 2.72591E+00	 2.60523E+00	 2.24630E+00	 2.14406E+00	 2.44151E+00	 2.48795E+00	 2.35532E+00	 2.47890E+00	 2.63916E+00	 1.56981E+00	 1.59526E+00	 1.62331E+00	 2.50000E+00	 4.99527E+00	 4.89406E+00	 3.02302E+00	 2.28244E+00
 3.88188E+00	 5.30550E+00	 2.47223E+00	 3.17756E+00	 2.23149E+00	 1.97225E+00	 3.64452E+00	 2.78085E+00	 1.91675E+00	 3.31246E+00	 2.37655E+00	 5.08728E+00	 2.89557E+00	 2.67468E+00	 1.98692E+00	 1.46869E+00	 2.55097E+00	 2.67685E+00	 5.15343E+00	 2.46384E+00	 4.00000E+00	 1.72590E+00	 2.00000E+00	 2.71913E+00	 3.75000E+00	 2.59924E+00	 2.45776E+00	 2.92599E+00	 2.85078E+00	 2.32173E+00	 2.48766E+00	 1.72531E+00	 2.46296E+00	 2.12983E+00	 2.94869E+00	 2.50000E+00	 2.93835E+00	 2.52711E+00	 4.81343E+00	 1.90948E+00	 2.72890E+00	 2.92351E+00	 3.65623E+00	 3.81008E+00	 2.83308E+00	 3.32244E+00	 2.37491E+00	 1.59924E+00	 2.72787E+00	 2.75000E+00	 2.35907E+00	 2.16534E+00	 1.40991E+00	 2.94450E+00	 2.22841E+00	 1.97550E+00	 1.82244E+00	 3.51851E+00	 2.68511E+00	 2.34314E+00	 3.21836E+00
 5.16020E+00	 3.20379E+00	 4.20433E+00	 3.19682E+00	 3.97531E+00	 3.16989E+00	 1.85171E+00	 1.43491E+00	 2.00000E+00	 3.00857E+00	 1.25000E+00	 1.25000E+00	 3.18519E+00	 2.47223E+00	 2.93671E+00	 4.78904E+00	 1.23192E+00	 2.82713E+00	 1.86913E+00	 3.67351E+00	 2.52467E+00	 2.93844E+00	 2.97533E+00	 3.16770E+00	 2.20957E+00	 3.69569E+00	 3.22223E+00	 2.22841E+00	 3.07729E+00	 3.00000E+00	 6.21296E+00	 1.67599E+00	 2.39922E+00	 4.61709E+00	 2.96381E+00	 3.47289E+00	 2.25000E+00	 3.98765E+00	 2.40780E+00	 1.71386E+00	 2.37274E+00	 3.48938E+00	 2.38614E+00	 4.95193E+00	 5.68508E+00	 4.41320E+00	 2.47890E+00	 2.65869E+00	 2.49657E+00	 2.18829E+00	 1.97032E+00	 4.08048E+00	 2.21987E+00	 2.15606E+00	 1.96869E+00	 2.11202E+00	 3.06012E+00	 1.34845E+00	 3.44579E+00	 2.73494E+00	 3.74096E+00
 6.09360E+00	 3.56981E+00	 3.41989E+00	 2.67351E+00	 2.84985E+00	 2.20066E+00	 3.97405E+00	 2.28013E+00	 3.30550E+00	 3.00000E+00	 1.98148E+00	 2.90378E+00	 1.95482E+00	 2.39604E+00	 2.08721E+00	 2.48406E+00	 2.15705E+00	 1.59220E+00	 1.00000E+00	 2.71913E+00	 3.40015E+00	 2.54621E+00	 3.15991E+00	 1.98396E+00	 2.40962E+00	 2.81920E+00	 3.02469E+00	 7.22251E-01	 1.70784E+00	 2.32731E+00	 2.46228E+00	 3.34951E+00	 3.28087E+00	 2.76369E+00	 2.89530E+00	 2.54154E+00	 3.25000E+00	 2.46317E+00	 1.61084E+00	 3.12017E+00	 1.04934E+00	 1.84431E+00	 5.73192E+00	 6.26986E+00	 1.00063E+01	 7.84689E+00	 5.80958E+00	 4.07694E+00	 3.53244E+00	 3.22533E+00	 2.71297E+00	 2.94450E+00	 1.17599E+00	 3.22341E+00	 2.52369E+00	 3.24624E+00	 2.20957E+00	 2.01594E+00	 2.32244E+00	 1.57244E+00	 2.59314E+00
 3.16913E+00	 2.60523E+00	 2.16392E+00	 3.25000E+00	 2.09314E+00	 2.13539E+00	 1.71989E+00	 2.45182E+00	 9.87954E-01	 2.97148E+00	 3.17771E+00	 3.41770E+00	 3.56904E+00	 3.57786E+00	 3.88254E+00	 2.46496E+00	 3.00000E+00	 2.83105E+00	 2.82232E+00	 2.92141E+00	 3.32403E+00	 2.51308E+00	 2.36512E+00	 2.31781E+00	 2.63862E+00	 2.45784E+00	 3.20784E+00	 3.00000E+00	 1.73494E+00	 4.02213E+00	 2.73110E+00	 2.73825E+00	 3.76852E+00	 2.90354E+00	 2.50000E+00	 4.73425E+02	 7.83377E+01	 3.45066E+00	 5.05030E+00	 3.00000E+00	 3.10748E+00	 5.75000E+00	 3.86963E+00	 7.06229E+00	 6.27227E+00	 6.15163E+00	 5.30638E+00	 1.75000E+00	 4.37263E+00	 3.31343E+00	 3.43019E+00	 3.05849E+00	 3.17756E+00	 2.95177E+00	 2.30318E+00	 2.45784E+00	 2.97533E+00	 4.11126E+00	 4.00000E+00	 2.69576E+00	 1.89142E+00
 1.00000E+00	 2.58325E+00	 3.41892E+00	 2.22590E+00	 2.88906E+00	 2.75000E+00	 2.60217E+00	 2.55131E+00	 1.50000E+00	 1.73014E+00	 3.20371E+00	 3.16364E+00	 3.00000E+00	 2.62870E+00	 2.56909E+00	 2.75000E+00	 2.41392E+00	 1.67005E+00	 2.57995E+00	 1.23795E+00	 3.46302E+00	 2.25000E+00	 2.46297E+00	 2.48986E+00	 3.18819E+00	 2.67770E+00	 3.23328E+00	 3.08319E+00	 1.58414E+00	 1.20481E+00	 1.49344E+00	 4.67465E+00	 5.64558E+00	 2.34254E+00	 1.73149E+00	 3.47591E+00	 8.68720E+00	 2.79339E+01	 3.95573E+01	 3.25887E+01	 1.47329E+01	 2.79116E+00	 1.73193E+00	 3.62816E+00	 3.42351E+00	 2.87894E+00	 3.25000E+00	 2.37884E+00	 2.48328E+00	 3.01594E+00	 4.68537E+00	 3.01506E+00	 2.92319E+00	 2.85907E+00	 2.43672E+00	 3.12047E+00	 1.99639E+00	 3.59924E+00	 3.39155E+00	 2.86487E+00	 3.50000E+00
 2.72532E+00	 2.49398E+00	 1.74398E+00	 1.77710E+00	 3.38236E+00	 3.33374E+00	 1.48149E+00	 1.62075E+00	 3.00000E+00	 2.39252E+00	 1.73193E+00	 2.49398E+00	 9.63840E-01	 1.22590E+00	 1.97225E+00	 7.50000E-01	 2.07461E+00	 3.25000E+00	 1.83439E+00	 2.25000E+00	 2.73148E+00	 2.46296E+00	 3.42287E+00	 1.75000E+00	 2.84843E+00	 3.48808E+00	 2.81153E+00	 1.24096E+00	 3.01808E+00	 3.26852E+00	 2.50926E+00	 2.75000E+00	 2.41838E+00	 1.54245E+00	 2.39557E+00	 8.42080E+00	 3.55473E+01	 6.43352E+01	 7.84259E+01	 7.55725E+01	 4.21913E+01	 1.33542E+01	 3.39406E+00	 3.39737E+00	 2.55967E+00	 2.72287E+00	 2.55289E+00	 2.30289E+00	 1.46987E+00	 3.45481E+00	 3.75000E+00	 1.93835E+00	 3.46098E+00	 3.31008E+00	 2.25000E+00	 3.48457E+00	 2.82785E+00	 2.22590E+00	 1.78264E+00	 1.38236E+00	 1.85594E+00
 2.25000E+00	 2.48148E+00	 3.06981E+00	 3.26205E+00	 2.81509E+00	 2.25000E+00	 2.09845E+00	 3.21386E+00	 1.75000E+00	 2.25000E+00	 2.25000E+00	 2.97890E+00	 2.33068E+00	 2.15049E+00	 2.75000E+00	 5.51377E+00	 9.72288E+00	 9.85014E+00	 3.50000E+00	 2.46913E+00	 2.52711E+00	 2.19450E+00	 2.72225E+00	 3.56561E+00	 1.07966E+01	 1.56991E+01	 8.58827E+00	 4.21869E+00	 2.45776E+00	 2.19574E+00	 2.00000E+00	 3.21381E+00	 2.44295E+00	 3.83105E+00	 8.10466E+00	 3.53854E+01	 6.20995E+01	 7.59451E+01	 7.02457E+01	 4.94944E+01	 2.76651E+01	 9.91096E+00	 1.32153E+00	 2.63651E+00	 3.06532E+00	 1.80431E+00	 2.00000E+00	 2.65354E+00	 2.22890E+00	 2.62925E+00	 3.96381E+00	 3.59314E+00	 1.34314E+00	 9.45736E-01	 9.93977E-01	 1.70781E+00	 2.42599E+00	 1.98765E+00	 2.25000E+00	 3.20180E+00	 1.32396E+00
 2.31408E+00	 2.63236E+00	 2.00000E+00	 1.91231E+00	 1.86822E+00	 2.46386E+00	 2.64142E+00	 3.42827E+00	 2.31895E+00	 1.98418E+00	 2.35235E+00	 1.92617E+00	 1.76986E+00	 1.24630E+00	 2.40257E+00	 4.22591E+00	 7.16639E+00	 1.10163E+01	 9.16020E+00	 5.84845E+00	 3.04006E+00	 1.23193E+00	 2.81477E+00	 3.16772E+00	 6.40571E+00	 1.09089E+01	 5.77414E+00	 3.16086E+00	 1.67768E+00	 1.73765E+00	 1.84657E+00	 2.02659E+00	 1.45177E+00	 1.96869E+00	 7.22877E+00	 2.73209E+01	 3.83714E+01	 3.17079E+01	 2.66630E+01	 1.60638E+01	 4.99156E+00	 2.12315E+00	 2.08608E+00	 4.25000E+00	 8.05507E+00	 5.86506E+00	 2.17157E+00	 3.08698E+00	 1.79629E+00	 3.84314E+00	 2.50000E+00	 1.53921E+00	 2.50000E-01	 1.49905E+00	 2.21386E+00	 1.46384E+00	 2.25000E+00	 1.75000E+00	 2.42005E+00	 1.98765E+00	 1.92604E+00
 1.88901E+00	 1.99096E+00	 2.48795E+00	 2.13947E+00	 1.81881E+00	 2.44579E+00	 2.10496E+00	 3.18974E+00	 2.48494E+00	 1.98494E+00	 3.03921E+00	 1.40705E+00	 4.45171E+00	 2.07232E+00	 3.10194E+00	 2.78264E+00	 4.23714E+00	 1.18542E+01	 2.05552E+01	 1.30638E+01	 3.03070E+00	 2.00000E+00	 2.25000E+00	 1.47890E+00	 2.25236E+00	 3.26918E+00	 2.40354E+00	 2.58351E+00	 2.44450E+00	 1.83325E+00	 1.75926E+00	 2.49383E+00	 2.43671E+00	 3.32076E+00	 2.84052E+00	 2.81040E+00	 4.35594E+00	 2.06909E+00	 2.57944E+00	 2.13684E+00	 3.22830E+00	 2.22223E+00	 2.00000E+00	 2.71496E+00	 5.63493E+00	 3.89488E+00	 3.96384E+00	 3.00000E+00	 1.82461E+00	 1.43988E+00	 1.45171E+00	 3.30393E+00	 2.16302E+00	 2.10137E+00	 1.90015E+00	 2.00000E+00	 3.71296E+00	 2.87075E+00	 2.36421E+00	 4.44411E+00	 2.50000E+00
 4.12949E+00	 2.60748E+00	 2.46496E+00	 3.19213E+00	 3.43354E+00	 3.03616E+00	 2.97890E+00	 1.52893E+00	 2.23765E+00	 3.19808E+00	 3.36698E+00	 2.51852E+00	 4.74383E+00	 2.81328E+00	 2.87884E+00	 4.00000E+00	 6.12688E+00	 1.13469E+01	 2.14290E+01	 1.58384E+01	 6.32640E+00	 1.61812E+00	 2.68051E+00	 1.00000E+00	 1.39142E+00	 2.27028E+00	 2.61736E+00	 2.85655E+00	 2.69566E+00	 2.59924E+00	 2.71386E+00	 2.83397E+00	 2.05552E+00	 3.54975E+00	 2.87017E+00	 3.79823E+00	 2.54938E+00	 2.15354E+00	 1.83721E+00	 2.48193E+00	 2.36898E+00	 2.48766E+00	 2.49630E+00	 2.45482E+00	 4.15548E+00	 8.66917E+00	 1.04998E+01	 4.87925E+00	 2.72383E+00	 1.60443E+00	 2.21298E+00	 1.93974E+00	 2.89155E+00	 1.42686E+00	 2.72631E+00	 2.36421E+00	 3.50000E+00	 3.38539E+00	 1.75000E+00	 3.44444E+00	 1.84009E+00
 2.20682E+00	 2.56981E+00	 1.91137E+00	 2.23825E+00	 1.93119E+00	 1.40745E+00	 2.44451E+00	 3.40717E+00	 3.30552E+00	 3.40132E+00	 4.06156E+00	 2.43657E+00	 1.71298E+00	 2.42456E+00	 3.00000E+00	 4.15132E+00	 2.35523E+00	 3.87921E+00	 7.22740E+00	 7.34985E+00	 2.41675E+00	 2.59703E+00	 3.10536E+00	 1.21386E+00	 2.19711E+00	 1.87939E+00	 3.62939E+00	 1.95482E+00	 2.15955E+00	 1.96683E+00	 2.74096E+00	 3.90955E+00	 3.03819E+00	 4.69445E+00	 2.31008E+00	 3.91770E+00	 2.60918E+00	 5.70433E+00	 3.33123E+00	 2.46756E+00	 3.24630E+00	 3.67141E+00	 2.60594E+00	 3.72289E+00	 1.68988E+00	 3.41721E+00	 4.39102E+00	 2.36224E+00	 1.48193E+00	 3.07671E+00	 5.67770E+00	 2.95482E+00	 2.04475E+00	 2.29530E+00	 3.42656E+00	 3.62983E+00	 4.00000E+00	 3.22787E+00	 1.80638E+00	 5.41231E+00	 3.19458E+00
 1.69450E+00	 2.19711E+00	 2.14565E+00	 2.89530E+00	 3.89829E+00	 2.47533E+00	 2.86370E+00	 3.93830E+00	 2.05424E+00	 2.80638E+00	 3.12816E+00	 3.53304E+00	 8.81964E+00	 9.94909E+00	 3.90942E+00	 2.21917E+00	 2.91137E+00	 2.54844E+00	 3.07944E+00	 2.50000E+00	 2.79823E+00	 3.13539E+00	 3.48986E+00	 3.36986E+00	 2.91508E+00	 2.45481E+00	 2.50000E+00	 1.48795E+00	 2.10496E+00	 2.80097E+00	 2.73457E+00	 2.88178E+00	 3.05411E+00	 3.37953E+00	 3.37312E+00	 3.14504E+00	 2.27220E+00	 2.71386E+00	 4.50000E+00	 1.88630E+00	 5.33140E+00	 2.55612E+00	 2.35381E+00	 3.53703E+00	 2.45343E+00	 2.75879E+00	 2.71583E+00	 2.25000E+00	 2.55949E+00	 2.03114E+00	 4.14707E+00	 2.20474E+00	 2.25000E+00	 3.57626E+00	 3.68844E+00	 2.32401E+00	 3.23098E+00	 3.25851E+00	 2.37342E+00	 2.20781E+00	 1.66772E+00
 1.31634E+00	 2.45885E+00	 2.70784E+00	 2.27848E+00	 2.19711E+00	 2.08105E+00	 2.81909E+00	 2.67771E+00	 3.26986E+00	 2.92005E+00	 3.29494E+00	 3.84521E+00	 1.33542E+01	 1.73893E+01	 4.68737E+00	 1.92761E+00	 3.06030E+00	 3.61764E+00	 2.04475E+00	 2.07790E+00	 1.68830E+00	 2.75000E+00	 2.74548E+00	 2.66840E+00	 2.42597E+00	 1.98148E+00	 2.69579E+00	 3.60233E+00	 3.37939E+00	 3.45180E+00	 2.19574E+00	 1.72287E+00	 3.36421E+00	 1.47717E+00	 2.21987E+00	 2.17924E+00	 2.14530E+00	 2.50000E-01	 3.23986E+00	 2.61434E+00	 3.38900E+00	 2.61969E+00	 4.33105E+00	 1.73149E+00	 3.41603E+00	 4.02659E+00	 3.40955E+00	 2.73193E+00	 3.65948E+00	 2.15780E+00	 2.64142E+00	 2.30318E+00	 2.13178E+00	 1.75879E+00	 4.38481E+00	 2.50000E+00	 4.50000E+00	 3.05638E+00	 2.95781E+00	 2.45372E+00	 2.44493E+00
 3.00904E+00	 1.74486E+00	 1.80235E+00	 2.25000E+00	 1.63188E+00	 1.96915E+00	 1.22289E+00	 2.49657E+00	 2.31647E+00	 1.29131E+00	 2.31153E+00	 4.37669E+00	 2.65942E+00	 3.51359E+00	 3.61812E+00	 2.22225E+00	 2.01986E+00	 2.48193E+00	 2.70957E+00	 3.73328E+00	 1.91534E+00	 3.44579E+00	 2.09868E+00	 2.11764E+00	 2.17157E+00	 1.31328E+00	 1.99383E+00	 2.43671E+00	 7.37951E-01	 1.98766E+00	 3.12329E+00	 3.60655E+00	 2.91603E+00	 3.52710E+00	 2.50000E+00	 3.75000E+00	 2.90740E+00	 2.75000E+00	 3.25452E+00	 3.71385E+00	 3.21296E+00	 2.94566E+00	 2.28921E+00	 1.75000E+00	 2.04567E+00	 1.51377E+00	 1.86812E+00	 2.41860E+00	 1.49096E+00	 1.50000E+00	 1.72890E+00	 2.63740E+00	 2.00000E+00	 2.64829E+00	 2.95372E+00	 2.41840E+00	 2.47841E+00	 2.68970E+00	 2.50842E+00	 2.12344E+00	 2.05097E+00
 2.46989E+00	 1.83319E+00	 2.21985E+00	 2.75000E+00	 3.22223E+00	 1.98765E+00	 1.18482E+00	 1.92468E+00	 2.96989E+00	 2.22532E+00	 2.72532E+00	 1.98644E+00	 2.28482E+00	 2.23193E+00	 2.25000E+00	 2.43974E+00	 3.73494E+00	 4.20044E+00	 4.76594E+00	 2.62983E+00	 1.79224E+00	 1.93657E+00	 1.48765E+00	 2.98765E+00	 3.41626E+00	 2.99383E+00	 2.02409E+00	 1.68019E+00	 2.75000E+00	 2.93219E+00	 3.00074E+00	 2.33120E+00	 3.35233E+00	 2.08325E+00	 2.00000E+00	 2.18974E+00	 2.67770E+00	 3.03703E+00	 2.23766E+00	 2.14102E+00	 2.47289E+00	 3.37655E+00	 1.83988E+00	 3.22225E+00	 1.33914E+00	 1.58397E+00	 1.22289E+00	 1.98795E+00	 1.70180E+00	 2.91565E+00	 1.96385E+00	 1.62061E+00	 4.05638E+00	 3.10443E+00	 4.93977E-01	 2.29823E+00	 1.45474E+00	 3.39765E+00	 2.90759E+00	 2.90495E+00	 3.03434E+00
 1.96385E+00	 2.92770E+00	 2.16565E+00	 1.55235E+00	 2.43523E+00	 2.93523E+00	 1.72841E+00	 2.48938E+00	 6.30310E-01	 7.43977E-01	 1.78703E+00	 1.48148E+00	 2.78083E+00	 2.23795E+00	 3.48765E+00	 2.93974E+00	 2.30685E+00	 1.66231E+00	 2.11731E+00	 2.34606E+00	 3.20776E+00	 2.28264E+00	 1.75000E+00	 2.43219E+00	 1.89557E+00	 1.68974E+00	 2.10470E+00	 3.37274E+00	 1.37254E+01	 2.07616E+01	 1.40058E+01	 3.83261E+00	 1.65580E+00	 1.57396E+00	 2.09845E+00	 2.62939E+00	 2.00000E+00	 1.75851E+00	 2.75000E+00	 2.86421E+00	 2.64863E+00	 3.76205E+00	 2.72589E+00	 2.65354E+00	 2.40354E+00	 1.73457E+00	 2.53085E+00	 1.60496E+00	 1.24398E+00	 2.00000E+00	 1.84924E+00	 1.40186E+00	 2.90623E+00	 1.73354E+00	 1.26000E+02	 1.15481E+02	 1.50000E+00	 2.15049E+00	 2.88614E+00	 3.05112E+00	 1.96989E+00
 2.75000E+00	 2.46385E+00	 2.25000E+00	 2.25000E+00	 1.65927E+00	 2.22717E+00	 2.33721E+00	 2.50851E+00	 2.23014E+00	 1.87983E+00	 2.96297E+00	 2.24096E+00	 2.37315E+00	 7.25886E-01	 1.18847E+00	 2.15686E+00	 2.22289E+00	 1.99096E+00	 2.25000E+00	 2.00000E+00	 2.13188E+00	 2.50842E+00	 3.26852E+00	 2.15962E+00	 1.53703E+00	 2.00000E+00	 2.21987E+00	 1.89152E+00	 7.16059E+00	 1.79265E+01	 1.39351E+01	 5.52595E+00	 2.25000E+00	 1.81793E+00	 1.24096E+00	 2.25000E+00	 1.25000E+00	 1.93439E+00	 2.20371E+00	 1.95371E+00	 2.30030E+00	 1.96583E+00	 2.36370E+00	 2.73463E+00	 3.43975E+00	 2.87274E+00	 1.97223E+00	 2.45506E+00	 2.37047E+00	 1.92761E+00	 2.46985E+00	 1.97531E+00	 2.25000E+00	 1.81881E+00	 2.32689E+00	 1.37671E+00	 2.00000E+00	 2.40257E+00	 3.00000E+00	 1.92617E+00	 1.73149E+00
 2.71386E+00	 1.56170E+00	 3.99096E+00	 2.17924E+00	 3.78972E+00	 3.18317E+00	 4.15964E+00	 2.50000E+00	 2.64922E+00	 1.92539E+00	 3.25158E+00	 1.67770E+00	 3.86094E+00	 2.13776E+00	 1.62075E+00	 2.24527E+00	 4.19663E+00	 2.43051E+00	 2.13587E+00	 6.97375E+00	 1.91199E+00	 7.28304E-01	 2.24630E+00	 2.23765E+00	 2.43523E+00	 1.89620E+00	 2.46381E+00	 2.38302E+00	 2.64737E+00	 3.84843E+00	 4.67992E+00	 1.23766E+00	 2.19711E+00	 2.33319E+00	 2.93317E+00	 3.65580E+00	 3.89152E+00	 4.67768E+00	 2.56646E+00	 2.68219E+00	 3.01471E+00	 2.00236E+00	 1.87224E+00	 5.30958E+00	 8.47551E+00	 5.15953E+00	 3.40360E+00	 5.21298E+00	 2.00000E+00	 9.69173E-01	 1.48192E+00	 2.12329E+00	 2.73795E+00	 2.08140E+00	 2.21985E+00	 2.12342E+00	 1.48494E+00	 3.05787E+00	 3.90144E+00	 3.17761E+00	 2.64081E+00
 2.90580E+00	 7.29223E-01	 4.48765E+00	 3.57244E+00	 3.99548E+00	 2.35795E+00	 1.82401E+00	 2.22780E+00	 1.66552E+00	 1.73418E+00	 1.41561E+00	 2.22168E+00	 4.69212E+00	 2.50122E+00	 3.01506E+00	 4.65960E+00	 2.98148E+00	 3.27811E+00	 3.68628E+00	 3.61442E+00	 2.67468E+00	 1.70781E+00	 2.50602E+00	 3.22890E+00	 3.90746E+00	 2.75000E+00	 3.43482E+00	 4.63791E+00	 2.56909E+00	 2.96683E+00	 3.45784E+00	 4.67685E+00	 5.54272E+00	 4.26535E+00	 3.98192E+00	 3.28619E+00	 4.00000E+00	 2.37335E+00	 4.01713E+00	 1.71915E+00	 2.81781E+00	 2.62344E+00	 2.50000E+00	 3.29475E+00	 4.17992E+00	 3.51851E+00	 2.90924E+00	 1.16698E+00	 3.35233E+00	 2.23148E+00	 1.22590E+00	 2.25000E+00	 3.25000E+00	 2.89711E+00	 4.58230E+00	 2.25000E+00	 4.48014E+00	 1.47223E+00	 1.84431E+00	 2.23494E+00	 2.93970E+00
 1.75000E+00	 3.62939E+00	 3.40169E+00	 2.41603E+00	 3.72841E+00	 1.73193E+00	 1.89247E+00	 2.62776E+00	 2.73795E+00	 3.36202E+00	 2.39455E+00	 3.16137E+00	 2.07671E+00	 1.18975E+00	 3.24532E+00	 2.05973E+00	 2.46297E+00	 1.64530E+00	 2.53904E+00	 3.41913E+00	 2.56949E+00	 2.33105E+00	 2.94766E+00	 1.97590E+00	 4.40964E+00	 3.37983E+00	 9.54807E-01	 2.06463E+00	 7.74692E-01	 1.67157E+00	 2.11370E+00	 5.81884E+00	 6.81479E+00	 8.58827E+00	 3.84267E+00	 4.99237E+00	 3.44051E+00	 4.26852E+00	 4.29530E+00	 2.78972E+00	 1.85171E+00	 2.30017E+00	 2.97531E+00	 4.91392E+00	 2.66023E+00	 3.61349E+00	 1.50767E+00	 3.43835E+00	 4.48148E+00	 2.29692E+00	 2.68231E+00	 2.04115E+00	 1.73148E+00	 1.50000E+00	 2.40319E+00	 3.07626E+00	 3.81153E+00	 3.18019E+00	 3.59992E+00	 3.14325E+00	 3.68675E+00
 1.97890E+00	 2.80552E+00	 1.81904E+00	 3.72591E+00	 3.67311E+00	 1.99177E+00	 1.26672E+00	 2.51807E+00	 2.39922E+00	 3.75000E+00	 4.04224E+00	 1.67761E+00	 2.54621E+00	 3.06518E+00	 1.97532E+00	 9.87951E-01	 1.18970E+00	 2.71386E+00	 2.50000E+00	 1.48795E+00	 3.80190E+00	 1.34314E+00	 1.47628E+00	 2.91985E+00	 3.09264E+00	 2.23418E+00	 2.72787E+00	 4.01672E+00	 1.96989E+00	 2.45784E+00	 2.50000E+00	 2.93378E+00	 5.33657E+00	 7.90089E+00	 6.27975E+00	 4.39802E+00	 6.38188E+00	 6.18988E+00	 8.50000E+00	 2.32786E+00	 4.71317E+00	 1.32859E+00	 2.43657E+00	 3.51235E+00	 2.75000E+00	 3.66561E+00	 3.29956E+00	 3.22205E+00	 2.74034E+00	 2.18523E+00	 2.11731E+00	 3.10094E+00	 2.29726E+00	 1.93105E+00	 1.65948E+00	 1.90360E+00	 3.00000E+00	 3.23148E+00	 2.21384E+00	 2.81981E+00	 1.96683E+00
 2.59383E+00	 3.24657E+00	 3.99448E+00	 1.55780E+00	 3.23149E+00	 3.04972E+00	 2.48148E+00	 2.32135E+00	 2.03698E+00	 7.50000E-01	 2.65354E+00	 2.45510E+00	 3.35898E+00	 3.13763E+00	 2.47289E+00	 2.08721E+00	 2.21298E+00	 2.41023E+00	 2.69579E+00	 2.69579E+00	 2.00000E+00	 9.69149E-01	 2.98328E+00	 2.38188E+00	 2.92924E+00	 2.50000E+00	 2.12939E+00	 2.90960E+00	 1.89565E+00	 2.21985E+00	 2.19388E+00	 4.03204E+00	 5.03070E+00	 5.29369E+00	 6.97877E+00	 6.37870E+00	 4.97107E+00	 4.99203E+00	 3.31962E+00	 1.65048E+00	 2.45560E+00	 1.34936E+00	 3.21987E+00	 2.45180E+00	 2.01235E+00	 2.62953E+00	 2.08165E+00	 1.85907E+00	 3.00000E+00	 2.12329E+00	 2.35848E+00	 3.08105E+00	 1.92685E+00	 3.28481E+00	 2.51377E+00	 3.09009E+00	 3.05967E+00	 4.12894E+00	 5.87131E+00	 3.11370E+00	 3.17865E+00
 9.29844E+00	 1.12330E+01	 1.38191E+01	 8.15251E+00	 4.24383E+00	 2.99383E+00	 2.06246E+00	 2.13493E+00	 1.45687E+00	 2.48148E+00	 1.75000E+00	 1.99383E+00	 2.67157E+00	 2.45044E+00	 2.50000E+00	 3.89863E+00	 2.75617E+00	 2.20171E+00	 2.39530E+00	 2.50000E+00	 2.48193E+00	 2.96610E+00	 1.50000E+00	 1.67768E+00	 1.50000E+00	 2.38052E+00	 2.37579E+00	 2.76807E+00	 1.45063E+00	 1.41838E+00	 2.93975E+00	 3.97032E+00	 5.86438E+00	 7.63368E+00	 7.52302E+00	 9.09021E+00	 6.63368E+00	 4.55030E+00	 4.75000E+00	 2.72628E+00	 2.44779E+00	 2.43231E+00	 3.00000E+00	 3.06923E+00	 2.39922E+00	 3.41616E+00	 3.77718E+00	 2.11103E+00	 1.99096E+00	 1.96915E+00	 1.67593E+00	 2.04526E+00	 3.90991E+00	 3.79511E+00	 1.98149E+00	 2.63236E+00	 2.75685E+00	 5.98644E+00	 6.58470E+00	 4.43565E+00	 2.35532E+00
 1.55355E+01	 2.02254E+01	 1.46215E+01	 6.60207E+00	 2.23192E+00	 1.75000E+00	 2.50000E+00	 1.65948E+00	 2.38791E+00	 1.50886E+00	 1.20177E+00	 1.66989E+00	 1.73795E+00	 2.36421E+00	 2.34314E+00	 2.25000E+00	 2.13562E+00	 2.04937E+00	 3.52852E+00	 1.25000E+00	 1.84612E+00	 1.41508E+00	 1.50000E+00	 1.71386E+00	 2.91833E+00	 2.52414E+00	 1.66860E+00	 1.73148E+00	 2.17539E+00	 1.95180E+00	 2.39147E+00	 2.74603E+00	 6.15342E+00	 7.84638E+00	 6.75410E+00	 7.73357E+00	 8.29382E+00	 5.59562E+00	 2.96438E+00	 4.30958E+00	 3.75000E+00	 3.34888E+00	 3.57076E+00	 9.63840E-01	 1.65960E+00	 2.08308E+00	 3.68468E+00	 2.28304E+00	 2.75000E+00	 2.44448E+00	 2.80235E+00	 1.88236E+00	 1.21989E+00	 3.05190E+00	 4.15251E+00	 3.78204E+00	 2.44869E+00	 2.07535E+00	 2.74842E+00	 2.62344E+00	 3.18317E+00
 1.08294E+01	 1.32558E+01	 1.00537E+01	 4.01594E+00	 2.24398E+00	 2.75000E+00	 2.03204E+00	 1.70510E+00	 2.04934E+00	 2.42599E+00	 1.65394E+00	 2.38916E+00	 1.71496E+00	 3.04628E+00	 2.23457E+00	 1.67604E+00	 1.99383E+00	 3.92599E+00	 2.42599E+00	 7.31931E-01	 2.57244E+00	 2.25000E+00	 3.22972E+00	 4.23986E+00	 2.10868E+00	 9.69135E-01	 2.00000E+00	 2.75000E+00	 3.26205E+00	 2.87131E+00	 3.28972E+00	 3.38368E+00	 4.70193E+00	 6.25947E+00	 6.93508E+00	 7.95102E+00	 8.64735E+00	 5.69225E+00	 3.76541E+00	 3.22972E+00	 1.41210E+00	 2.87331E+00	 2.95066E+00	 1.82232E+00	 2.46384E+00	 2.18675E+00	 1.96386E+00	 1.97289E+00	 1.96610E+00	 2.25000E+00	 2.12329E+00	 2.58351E+00	 2.72223E+00	 3.20885E+00	 3.43671E+00	 2.91679E+00	 1.16860E+00	 2.00376E+00	 1.93844E+00	 1.93657E+00	 1.89922E+00
 3.13791E+00	 4.05190E+00	 4.02213E+00	 3.99344E+00	 1.78204E+00	 1.48765E+00	 2.22205E+00	 3.87075E+00	 1.85512E+00	 1.24344E+00	 1.75000E+00	 1.95885E+00	 2.18974E+00	 2.15962E+00	 2.25000E+00	 2.71958E+00	 2.56864E+00	 2.10496E+00	 2.75000E+00	 2.00000E+00	 4.90186E+00	 1.44194E+01	 1.81463E+01	 1.01969E+01	 3.00000E+00	 3.23795E+00	 2.68960E+00	 1.90048E+00	 2.35059E+00	 2.96297E+00	 3.28866E+00	 2.70482E+00	 4.49983E+00	 5.38264E+00	 6.41020E+00	 5.85133E+00	 4.90740E+00	 5.18565E+00	 4.15186E+00	 2.22841E+00	 2.00000E+00	 2.65343E+00	 2.33769E+00	 1.42141E+00	 2.93565E+00	 3.28114E+00	 3.96869E+00	 2.73148E+00	 2.40948E+00	 2.41561E+00	 1.43974E+00	 1.43096E+00	 2.19263E+00	 2.90580E+00	 2.47533E+00	 2.16989E+00	 1.41364E+00	 2.95687E+00	 3.21297E+00	 2.07731E+00	 2.53772E+00
 2.11507E+00	 3.54934E+00	 3.05097E+00	 4.39132E+00	 6.00316E+00	 5.47876E+00	 1.62274E+00	 1.62949E+00	 4.26933E+00	 2.47531E+00	 2.60208E+00	 2.12665E+00	 1.31026E+00	 3.22533E+00	 2.54106E+00	 1.95992E+00	 3.25000E+00	 3.21915E+00	 3.91552E+00	 2.23623E+00	 1.51190E+01	 4.86964E+01	 6.08932E+01	 4.56503E+01	 1.26757E+01	 3.00000E+00	 3.00000E+00	 2.83843E+00	 2.69579E+00	 2.30097E+00	 2.97591E+00	 3.86822E+00	 4.57944E+00	 4.59681E+00	 4.55638E+00	 4.98714E+00	 5.09076E+00	 4.35059E+00	 2.65878E+00	 3.41639E+00	 1.72533E+00	 3.19445E+00	 1.80552E+00	 9.32191E-01	 3.50000E+00	 1.88651E+00	 1.16561E+00	 2.48494E+00	 1.81532E+00	 3.74657E+00	 1.28703E+00	 2.42468E+00	 1.68970E+00	 1.73149E+00	 2.09452E+00	 2.90752E+00	 4.88527E+00	 1.50000E+00	 1.79153E+02	 4.59460E+02	 2.49074E+00
 1.66675E+00	 3.53011E+00	 2.90169E+00	 4.02659E+00	 6.32480E+00	 1.03493E+01	 3.85918E+00	 3.12342E+00	 2.76794E+00	 3.00000E+00	 1.33397E+00	 2.44579E+00	 2.43675E+00	 3.00000E+00	 2.79421E+00	 2.51852E+00	 3.00000E+00	 3.08728E+00	 2.80063E+00	 2.37335E+00	 1.90540E+01	 5.63617E+01	 7.00486E+01	 6.35505E+01	 2.08958E+01	 1.91393E+00	 3.63641E+00	 2.80267E+00	 1.51594E+00	 1.49344E+00	 3.06463E+00	 2.18657E+00	 2.00887E+00	 2.25000E+00	 3.48564E+00	 3.49657E+00	 3.93696E+00	 2.51933E+00	 1.55958E+00	 3.29658E+00	 5.14422E+00	 3.36276E+00	 3.04634E+00	 5.75966E+00	 3.06781E+00	 9.87658E-01	 3.11202E+00	 2.66302E+00	 2.50000E+00	 2.68754E+00	 2.51808E+00	 4.92617E+00	 5.00361E+00	 3.69445E+00	 1.71385E+00	 1.81904E+00	 2.37983E+00	 2.19576E+00	 1.72628E+00	 3.33490E+00	 1.48553E+00
 2.73259E+00	 2.44576E+00	 4.27659E+00	 1.87925E+00	 2.32731E+00	 1.72947E+00	 3.19711E+00	 1.68960E+00	 2.25000E+00	 2.22223E+00	 2.45062E+00	 1.21297E+00	 2.34052E+00	 3.75000E+00	 2.12331E+00	 2.75602E+00	 3.85233E+00	 3.23418E+00	 2.56481E+00	 2.13527E+00	 4.27334E+00	 2.90318E+01	 5.02044E+01	 3.28935E+01	 7.18341E+00	 3.35470E+00	 2.30411E+00	 2.46297E+00	 2.51377E+00	 2.79154E+00	 2.93671E+00	 7.25901E-01	 2.70180E+00	 2.92597E+00	 3.51252E+00	 2.84452E+00	 3.78616E+00	 4.80513E+00	 4.55112E+00	 1.09370E+01	 1.69231E+01	 1.37595E+01	 5.59360E+00	 2.73457E+00	 2.77468E+00	 2.84264E+00	 3.72843E+00	 3.80550E+00	 2.68844E+00	 2.85868E+00	 2.50000E+00	 2.13445E+00	 1.12669E+00	 1.83374E+00	 3.17599E+00	 2.48193E+00	 2.85853E+00	 2.43219E+00	 3.80709E+00	 9.45761E-01	 3.15049E+00
 2.34856E+00	 1.95371E+00	 2.88707E+00	 2.64147E+00	 2.66374E+00	 3.23765E+00	 1.11461E+00	 3.39783E+00	 2.33721E+00	 2.41985E+00	 3.47591E+00	 1.48067E+00	 1.00000E+00	 2.13121E+00	 2.09009E+00	 7.24729E+01	 1.12139E+01	 2.05097E+00	 2.43628E+00	 1.49096E+00	 2.02369E+00	 5.18341E+00	 5.01918E+00	 3.95119E+00	 2.43366E+00	 4.57544E+00	 3.66561E+00	 3.52159E+00	 2.28481E+00	 9.85533E-01	 4.29726E+00	 2.17924E+00	 2.84220E+00	 3.28085E+00	 1.40319E+00	 1.36945E+00	 3.99684E+00	 2.48494E+00	 6.37870E+00	 1.65127E+01	 2.59658E+01	 2.39869E+01	 1.26765E+01	 4.00514E+00	 1.67766E+00	 1.96869E+00	 1.98795E+00	 3.36913E+00	 2.21384E+00	 3.19937E+00	 2.80737E+00	 1.22223E+00	 2.15569E+00	 1.11053E+00	 2.71302E+00	 1.99548E+00	 1.31165E+00	 1.54321E+00	 2.33105E+00	 2.00000E+00	 4.00000E+00
 3.78972E+00	 2.25000E+00	 2.75000E+00	 2.34283E+00	 3.44051E+00	 2.54738E+00	 2.60514E+00	 2.52410E+00	 1.73765E+00	 2.64711E+00	 1.15144E+00	 7.50000E-01	 2.34890E+00	 3.16086E+00	 1.50000E+00	 1.87315E+00	 1.92715E+00	 3.43468E+00	 4.25617E+00	 2.48795E+00	 4.78411E-01	 2.12943E+00	 2.65991E+00	 1.97841E+00	 3.62329E+00	 3.73475E+00	 3.83327E+00	 7.15163E+00	 5.88614E+00	 3.72591E+00	 2.49074E+00	 4.66913E+00	 3.47168E+00	 2.98494E+00	 2.17761E+00	 1.71079E+00	 2.25000E+00	 1.51852E+00	 3.56884E+00	 1.64726E+01	 2.63854E+01	 2.17784E+01	 6.74480E+00	 2.14829E+00	 2.50000E+00	 1.50000E+00	 2.47533E+00	 2.72225E+00	 2.16770E+00	 4.68439E+00	 1.95470E+00	 1.97589E+00	 2.16552E+00	 2.21177E+00	 3.90746E+00	 1.70776E+00	 1.20379E+00	 3.16675E+00	 5.71851E+00	 6.66329E+00	 1.25772E+01
 2.67924E+00	 2.63651E+00	 2.36434E+00	 2.42269E+00	 3.45343E+00	 2.61434E+00	 1.79820E+00	 2.96913E+00	 2.50000E+00	 2.73986E+00	 2.25000E+00	 2.00000E+00	 2.22148E+00	 2.27777E+00	 3.00000E+00	 1.91374E+00	 2.21987E+00	 1.70371E+00	 1.77159E+00	 1.53087E+00	 2.84431E+00	 1.25000E+00	 2.25000E+00	 2.62939E+00	 3.37045E+00	 2.22533E+00	 2.23067E+00	 3.00316E+00	 3.50158E+00	 2.42005E+00	 3.11434E+00	 2.51918E+00	 4.30513E+00	 1.76027E+00	 1.19566E+00	 2.64132E+00	 1.90740E+00	 2.80555E+00	 2.47223E+00	 4.33015E+00	 8.52396E+00	 8.51528E+00	 4.80638E+00	 1.98148E+00	 2.23149E+00	 1.33607E+00	 1.43844E+00	 1.43974E+00	 2.20433E+00	 1.99233E+00	 9.93977E-01	 1.43975E+00	 1.91565E+00	 2.96385E+00	 3.12116E+00	 2.09295E+00	 1.98193E+00	 3.64922E+00	 1.32740E+01	 2.44412E+01	 2.77171E+01
 1.99074E+00	 2.25926E+00	 2.71869E+00	 3.56246E+00	 2.71610E+00	 1.82995E+00	 2.40991E+00	 2.18830E+00	 1.75000E+00	 1.96583E+00	 1.73494E+00	 1.65811E+00	 1.71696E+00	 1.64152E+00	 2.65049E+00	 1.75000E+00	 1.49383E+00	 3.07453E+00	 2.24684E+00	 1.92924E+00	 6.67700E-01	 2.83308E+00	 2.91913E+00	 2.49657E+00	 2.80393E+00	 1.60523E+00	 9.69886E-01	 2.96317E+00	 2.67827E+00	 1.25000E+00	 4.12421E+00	 5.26377E+00	 3.96583E+00	 3.43988E+00	 2.08325E+00	 2.94051E+00	 1.47890E+00	 1.12421E+00	 2.22890E+00	 2.49809E+00	 3.10532E+00	 2.48795E+00	 2.37075E+00	 2.60514E+00	 2.01235E+00	 2.21496E+00	 1.67827E+00	 1.80780E+00	 1.40048E+00	 2.24398E+00	 1.29937E+00	 1.18975E+00	 2.08302E+00	 3.75000E+00	 3.10137E+00	 2.18829E+00	 1.66698E+00	 5.34831E+00	 1.39507E+01	 2.02705E+01	 2.12055E+01
 7.50919E+00	 9.62191E+00	 1.20957E+01	 1.36361E+01	 5.13031E+00	 2.03614E+00	 2.09526E+00	 2.33206E+00	 2.91626E+00	 1.90319E+00	 2.71386E+00	 3.19779E+00	 2.61438E+00	 2.47223E+00	 2.50000E+00	 2.21298E+00	 2.05434E+00	 3.69566E+00	 2.74383E+00	 2.73148E+00	 2.15015E+00	 1.70474E+00	 9.27481E-01	 1.77213E+00	 2.22628E+00	 1.47972E+00	 3.17005E+00	 2.49398E+00	 1.21228E+00	 1.05932E+01	 2.14829E+01	 1.74841E+01	 4.17319E+00	 3.36103E+00	 2.23192E+00	 2.95481E+00	 1.98418E+00	 2.85127E+00	 2.46046E+00	 1.20182E+00	 1.84314E+00	 2.18975E+00	 3.42396E+00	 2.80555E+00	 2.21385E+00	 1.97841E+00	 3.23259E+00	 2.29494E+00	 7.37951E-01	 2.79219E+00	 2.73148E+00	 2.78813E+00	 2.74630E+00	 2.21683E+00	 2.45371E+00	 2.25000E+00	 1.97589E+00	 3.90144E+00	 1.47874E+01	 2.18267E+01	 2.22133E+01
 2.81986E+01	 3.83087E+01	 3.20973E+01	 1.98931E+01	 6.93508E+00	 1.75000E+00	 2.25000E+00	 2.43844E+00	 1.94574E+00	 1.75581E+00	 2.50000E+00	 2.62671E+00	 2.00000E+00	 1.45066E+00	 1.13724E+00	 1.65144E+00	 1.38527E+00	 2.77410E+00	 2.00753E+00	 1.99486E+00	 1.47591E+00	 2.36421E+00	 1.91137E+00	 1.48396E+00	 2.25000E+00	 3.10848E+00	 2.34283E+00	 8.79487E-01	 3.36512E+00	 5.88769E+00	 1.69042E+01	 1.69231E+01	 5.37870E+00	 1.71302E+00	 2.98193E+00	 3.21989E+00	 2.18366E+00	 1.68970E+00	 2.04421E+00	 2.33721E+00	 2.25000E+00	 2.69315E+00	 3.30685E+00	 3.53704E+00	 3.40144E+00	 3.10435E+00	 2.40960E+00	 2.21386E+00	 2.48149E+00	 2.63895E+00	 1.40343E+00	 2.71989E+00	 2.68354E+00	 8.05497E-01	 2.23148E+00	 2.48766E+00	 2.30973E+00	 3.17456E+00	 1.26353E+01	 2.19458E+01	 1.98575E+01
 3.79261E+01	 4.17171E+01	 1.65422E+01	 4.42465E+00	 3.13188E+00	 2.25000E+00	 2.29318E+00	 2.29934E+00	 2.19663E+00	 2.61969E+00	 2.50000E+00	 2.54692E+00	 3.79154E+00	 1.88895E+00	 3.65360E+00	 2.90759E+00	 2.61359E+00	 2.23067E+00	 3.21913E+00	 2.34241E+00	 1.99344E+00	 2.71958E+00	 1.94779E+00	 3.10233E+00	 2.01235E+00	 2.45066E+00	 1.47168E+00	 4.33120E+00	 2.22289E+00	 2.95781E+00	 1.72780E+00	 1.97780E+00	 2.72532E+00	 2.23795E+00	 2.73766E+00	 3.46381E+00	 2.06793E+00	 1.71869E+00	 2.61731E+00	 1.99398E+00	 2.50000E+00	 4.32383E+00	 2.91913E+00	 1.55602E+00	 2.70682E+00	 2.72830E+00	 2.84890E+00	 2.50000E+00	 1.25000E+00	 3.79359E+00	 4.17685E+00	 2.71298E+00	 2.14325E+00	 1.52468E+00	 2.15960E+00	 1.60848E+00	 1.97890E+00	 1.57626E+00	 1.75158E+00	 5.57244E+00	 7.66320E+00
 1.58774E+01	 1.20956E+01	 4.46386E+00	 4.00000E+00	 3.58439E+00	 2.41561E+00	 2.68519E+00	 3.20784E+00	 2.41913E+00	 2.00000E+00	 2.99237E+00	 2.47225E+00	 2.40015E+00	 3.12951E+00	 2.70062E+00	 4.78703E+00	 2.70992E+00	 3.64147E+00	 1.90190E+00	 3.75000E+00	 1.96917E+00	 2.79219E+00	 1.99383E+00	 2.23795E+00	 2.50000E+00	 2.50000E+00	 5.53504E+00	 4.16668E+00	 1.82689E+00	 1.99383E+00	 1.50000E+00	 2.12342E+00	 2.57239E+00	 2.56895E+00	 4.72843E+00	 2.68019E+00	 1.00000E+00	 3.06981E+00	 2.55973E+00	 1.64565E+00	 3.99983E+00	 3.00000E+00	 2.29634E+00	 2.21046E+00	 2.59264E+00	 2.89406E+00	 4.61731E+00	 3.55958E+00	 8.31622E-01	 2.45072E+00	 3.18354E+00	 3.48148E+00	 3.97531E+00	 2.25514E+00	 3.00842E+00	 2.30949E+00	 2.18754E+00	 1.65144E+00	 2.81156E+00	 4.22223E+00	 1.20474E+00
 2.39863E+00	 1.97830E+00	 3.68988E+00	 2.44869E+00	 9.90964E-01	 1.92768E+00	 2.76359E+00	 2.89783E+00	 2.47628E+00	 3.14142E+00	 2.94574E+00	 2.61434E+00	 2.46987E+00	 2.93354E+00	 3.09874E+00	 3.00617E+00	 2.78619E+00	 2.56895E+00	 1.50000E+00	 1.67157E+00	 2.13947E+00	 2.53698E+00	 3.06981E+00	 3.35381E+00	 3.13210E+00	 4.67215E+00	 5.72551E+00	 4.69405E+00	 3.91860E+00	 2.99842E+00	 3.38798E+00	 2.47550E+00	 2.58414E+00	 1.58120E+00	 1.60532E+00	 1.50000E+00	 1.68219E+00	 2.35171E+00	 3.27811E+00	 2.26852E+00	 2.75000E+00	 3.13763E+00	 1.40548E+00	 5.13052E+00	 3.34931E+00	 2.22168E+00	 3.13445E+00	 3.32383E+00	 2.95682E+00	 3.76235E+00	 2.40378E+00	 4.21579E+00	 1.92351E+00	 2.43439E+00	 2.45371E+00	 2.47628E+00	 1.64132E+00	 3.16561E+00	 2.60655E+00	 3.38121E+00	 2.80337E+00
 2.99630E+00	 1.03264E+00	 3.45372E+00	 2.20372E+00	 2.20482E+00	 2.47868E+00	 2.20482E+00	 2.43119E+00	 3.79761E+00	 2.63493E+00	 2.44448E+00	 2.43974E+00	 5.09220E+00	 1.45781E+00	 1.91137E+00	 2.95845E+00	 1.83676E+00	 2.68219E+00	 1.75000E+00	 4.00842E+00	 2.81489E+00	 2.25000E+00	 2.90948E+00	 3.97717E+00	 2.25000E+00	 4.34843E+00	 3.15945E+01	 1.88726E+01	 4.84843E+00	 3.30030E+00	 1.80972E+00	 1.42287E+00	 3.22341E+00	 2.16770E+00	 4.57153E+00	 2.87340E+00	 3.93231E+00	 3.64477E+00	 2.96987E+00	 3.62579E+00	 4.60785E+00	 3.86575E+00	 2.36084E+00	 3.74383E+00	 4.47113E+00	 4.95885E+00	 7.54634E+00	 5.00000E+00	 5.01646E+00	 4.44451E+00	 2.48322E+00	 2.49383E+00	 1.48765E+00	 1.96989E+00	 3.92396E+00	 2.38269E+00	 3.25000E+00	 1.73938E+00	 2.94362E+00	 2.43019E+00	 3.03087E+00
 1.51807E+00	 2.23765E+00	 1.99383E+00	 2.20781E+00	 1.37017E+00	 2.20066E+00	 1.47533E+00	 2.31008E+00	 2.14406E+00	 2.71187E+00	 2.86126E+00	 1.75000E+00	 1.72591E+00	 1.45177E+00	 2.31463E+00	 3.40144E+00	 1.98193E+00	 2.62939E+00	 2.00000E+00	 1.76424E+00	 1.82003E+00	 3.49905E+00	 3.48765E+00	 4.55638E+00	 3.42157E+00	 3.90606E+00	 7.06082E+00	 4.78536E+00	 3.00823E+00	 3.00000E+00	 2.68960E+00	 2.73148E+00	 3.00000E+00	 3.42319E+00	 3.82671E+00	 3.61370E+00	 9.69886E-01	 2.82076E+00	 2.25000E+00	 2.55063E+00	 2.99178E+00	 3.25158E+00	 2.17253E+00	 2.11487E+00	 7.06229E+00	 1.43845E+01	 1.31912E+01	 5.39488E+00	 4.34526E+00	 2.22223E+00	 2.77777E+00	 3.49074E+00	 3.19033E+00	 2.91086E+00	 1.50514E+00	 2.96302E+00	 2.48067E+00	 3.25904E+00	 5.00000E+00	 2.25000E+00	 1.91364E+00
 2.26235E+00	 3.64339E+00	 3.28304E+00	 3.10541E+00	 2.68737E+00	 5.22288E+00	 2.74983E+00	 2.31328E+00	 2.06328E+00	 1.18366E+00	 9.93827E-01	 1.22225E+00	 1.39252E+00	 1.96297E+00	 1.69937E+00	 1.50000E+00	 1.69574E+00	 2.88336E+00	 3.23328E+00	 4.30104E+00	 7.75845E+00	 8.05638E+00	 1.13733E+01	 1.27773E+01	 5.93988E+00	 1.97589E+00	 1.00000E+00	 2.65780E+00	 2.90319E+00	 1.73148E+00	 2.55393E+00	 2.73192E+00	 2.21985E+00	 2.52159E+00	 3.48692E+00	 1.47591E+00	 9.84574E-01	 1.67761E+00	 2.73986E+00	 1.83977E+00	 4.38901E+00	 2.83325E+00	 1.54669E+00	 1.67445E+00	 3.14711E+00	 4.59612E+00	 2.68737E+00	 1.88807E+00	 2.20482E+00	 3.53114E+00	 2.62943E+00	 2.84985E+00	 2.37263E+00	 1.77411E+00	 2.45072E+00	 2.20781E+00	 3.90360E+00	 3.16838E+00	 3.17351E+00	 3.41860E+00	 3.98765E+00
 3.99096E+00	 2.62726E+00	 2.75000E+00	 3.03085E+00	 1.37274E+00	 1.67597E+00	 3.01933E+00	 2.46683E+00	 1.50000E+00	 2.06646E+00	 3.17992E+00	 3.00000E+00	 2.24096E+00	 1.19576E+00	 1.58120E+00	 1.90048E+00	 3.02028E+00	 3.56246E+00	 1.12663E+01	 2.15797E+01	 2.45797E+01	 1.35964E+01	 5.96450E+00	 4.38052E+00	 3.59009E+00	 3.18565E+00	 2.68354E+00	 2.50000E+00	 2.17547E+00	 2.11698E+00	 1.45784E+00	 1.21384E+00	 2.45072E+00	 2.19388E+00	 2.25000E+00	 2.25000E+00	 2.06156E+00	 2.41838E+00	 1.60523E+00	 4.63852E-01	 9.90959E-01	 1.73714E+00	 1.22841E+00	 3.12079E+00	 1.90960E+00	 2.92768E+00	 2.93829E+00	 2.88291E+00	 2.21683E+00	 1.90780E+00	 1.96385E+00	 1.96385E+00	 2.72225E+00	 1.59606E+00	 3.09606E+00	 2.60898E+00	 3.15186E+00	 3.71450E+00	 2.15479E+00	 2.50000E+00	 1.75000E+00
 2.97289E+00	 3.98795E+00	 1.49398E+00	 2.94263E+00	 2.07244E+00	 1.74383E+00	 2.40144E+00	 1.99842E+00	 2.14142E+00	 3.11473E+00	 3.26933E+00	 2.50000E+00	 1.46386E+00	 2.68628E+00	 2.21413E+00	 7.03189E+00	 1.36353E+01	 1.98114E+01	 2.73421E+01	 2.74527E+01	 2.02784E+01	 1.09673E+01	 3.56981E+00	 1.80972E+00	 2.20885E+00	 1.70481E+00	 1.98494E+00	 2.48765E+00	 2.92005E+00	 3.21386E+00	 2.52777E+00	 2.25000E+00	 1.60594E+00	 1.83721E+00	 2.22591E+00	 2.89452E+00	 2.03114E+00	 1.39863E+00	 1.48193E+00	 1.80756E+00	 2.49096E+00	 2.73193E+00	 2.23148E+00	 2.86948E+00	 3.17547E+00	 3.40960E+00	 2.75000E+00	 2.14152E+00	 1.89147E+00	 2.20482E+00	 1.00000E+00	 5.00000E-01	 2.70474E+00	 2.92468E+00	 3.12737E+00	 2.00000E+00	 8.30122E+00	 1.07740E+01	 4.19451E+00	 1.63874E+00	 1.30972E+00
 2.62983E+00	 2.65705E+00	 2.11731E+00	 2.12224E+00	 1.69566E+00	 3.51377E+00	 2.73148E+00	 2.96298E+00	 3.25000E+00	 2.01851E+00	 2.20506E+00	 2.08698E+00	 2.33698E+00	 2.40089E+00	 9.01262E+00	 2.82833E+01	 6.20640E+01	 6.44632E+01	 5.85236E+01	 5.02733E+01	 2.80730E+01	 8.88210E+00	 3.59360E+00	 2.08721E+00	 2.46683E+00	 2.25000E+00	 2.79738E+00	 2.43366E+00	 2.62116E+00	 4.50000E+00	 1.36421E+00	 1.44576E+00	 2.58721E+00	 1.63052E+00	 1.44458E+00	 2.23149E+00	 3.65927E+00	 2.84924E+00	 1.24074E+00	 2.96296E+00	 2.51235E+00	 3.41023E+00	 2.56853E+00	 3.00158E+00	 2.42604E+00	 1.90948E+00	 2.03481E+00	 2.18970E+00	 2.23192E+00	 2.21384E+00	 2.59295E+00	 2.23148E+00	 1.98795E+00	 1.87047E+00	 2.51235E+00	 3.22591E+00	 1.99398E+00	 1.90948E+00	 1.70994E+00	 2.50000E+00	 2.53244E+00
 1.89486E+00	 4.32995E+00	 3.50000E+00	 3.00000E+00	 2.45682E+00	 2.35289E+00	 3.19448E+00	 3.48148E+00	 3.29518E+00	 3.09314E+00	 2.73553E+00	 2.44574E+00	 3.94445E+00	 4.08843E+00	 1.63834E+01	 6.04357E+01	 8.21829E+01	 9.44645E+01	 8.07830E+01	 5.66715E+01	 2.63185E+01	 4.08843E+00	 4.01986E+00	 1.99074E+00	 2.70044E+00	 2.17597E+00	 3.23148E+00	 2.60655E+00	 1.64132E+00	 1.37017E+00	 1.50000E+00	 2.75000E+00	 2.91565E+00	 2.19869E+00	 2.98148E+00	 2.51014E+00	 3.82731E+00	 3.33414E+00	 3.61359E+00	 2.44765E+00	 1.67768E+00	 3.60523E+00	 2.20776E+00	 1.50000E+00	 1.57076E+00	 1.89783E+00	 1.96917E+00	 1.54934E+00	 2.25000E+00	 2.10848E+00	 1.64906E+00	 2.34606E+00	 2.28881E+00	 2.65955E+00	 2.42426E+00	 3.67770E+00	 1.98148E+00	 2.49383E+00	 2.25000E+00	 1.24096E+00	 2.77110E+00
 4.51808E+00	 2.91681E+00	 3.77078E+00	 2.76541E+00	 3.13707E+00	 2.72532E+00	 2.31435E+00	 3.50000E+00	 2.09431E+00	 4.21496E+00	 4.06712E+00	 2.61434E+00	 3.20470E+00	 3.50000E+00	 8.78740E+00	 3.46133E+01	 5.78557E+01	 7.21099E+01	 6.83437E+01	 3.11785E+01	 5.68152E+00	 2.58374E+00	 3.15955E+00	 1.43231E+00	 3.59383E+00	 2.23193E+00	 1.86879E+00	 2.89802E+00	 2.19576E+00	 3.14155E+00	 2.69576E+00	 2.78615E+00	 4.16086E+00	 2.92599E+00	 3.36879E+00	 1.72591E+00	 3.67311E+00	 5.27975E+00	 7.05958E+00	 3.23938E+00	 1.60235E+00	 3.55638E+00	 3.50926E+00	 1.40686E+00	 2.23014E+00	 4.52595E+00	 1.17992E+00	 4.19576E+00	 1.97225E+00	 3.88900E+00	 1.50000E+00	 2.39455E+00	 1.75000E+00	 2.45180E+00	 1.46079E+00	 2.75000E+00	 2.92770E+00	 2.29106E+00	 2.95482E+00	 2.40049E+00	 1.52468E+00
